-1.500000000000000000e+02	2.965827235262979045e+01
-1.475000000000000000e+02	2.948703111360950402e+01
-1.450000000000000000e+02	2.932411849964506345e+01
-1.425000000000000000e+02	2.911277116818736843e+01
-1.400000000000000000e+02	2.888899618875866437e+01
-1.375000000000000000e+02	2.869186541763937015e+01
-1.350000000000000000e+02	2.846044621130811336e+01
-1.325000000000000000e+02	2.822838295663822805e+01
-1.300000000000000000e+02	2.803956254686085714e+01
-1.275000000000000000e+02	2.780834768255869704e+01
-1.250000000000000000e+02	2.763808899653471940e+01
-1.225000000000000000e+02	2.744445077779629472e+01
-1.200000000000000000e+02	2.726499211223702090e+01
-1.175000000000000000e+02	2.711903443182310625e+01
-1.150000000000000000e+02	2.695948179020611590e+01
-1.125000000000000000e+02	2.681004033719621660e+01
-1.100000000000000000e+02	2.669240672250203872e+01
-1.075000000000000000e+02	2.656960648213886955e+01
-1.050000000000000000e+02	2.646432713282587912e+01
-1.025000000000000000e+02	2.638736060030797148e+01
-1.000000000000000000e+02	2.631588698607978571e+01
-9.750000000000000000e+01	2.628889811132573229e+01
-9.500000000000000000e+01	2.628560400206536940e+01
-9.250000000000000000e+01	2.633398549699337465e+01
-9.000000000000000000e+01	2.641413801686154628e+01
-8.750000000000000000e+01	2.655026934107377556e+01
-8.500000000000000000e+01	2.673534545130731388e+01
-8.250000000000000000e+01	2.695189737496506410e+01
-8.000000000000000000e+01	2.729025744458741087e+01
-7.750000000000000000e+01	2.771234071144561284e+01
-7.500000000000000000e+01	2.814521443286753666e+01
-7.250000000000000000e+01	2.883375901587309542e+01
-7.000000000000000000e+01	2.937906726720708761e+01
-6.750000000000000000e+01	3.008950520892949854e+01
-6.500000000000000000e+01	3.099324755177261537e+01
-6.250000000000000000e+01	3.188635610595428460e+01
-6.000000000000000000e+01	3.317586697817360886e+01
-5.750000000000000000e+01	3.429571237300872610e+01
-5.500000000000000000e+01	3.541465321603798344e+01
-5.250000000000000000e+01	3.633386158782855802e+01
-5.000000000000000000e+01	3.713630211321242314e+01
-4.750000000000000000e+01	3.787682433938857685e+01
-4.500000000000000000e+01	3.847826360466201123e+01
-4.250000000000000000e+01	3.922123497054632679e+01
-4.000000000000000000e+01	3.981786190891826038e+01
-3.750000000000000000e+01	4.047149446988793642e+01
-3.500000000000000000e+01	4.041399943000745765e+01
-3.250000000000000000e+01	3.567886878706089249e+01
-3.000000000000000000e+01	2.748372720267806812e+01
-2.750000000000000000e+01	2.513602643480742671e+01
-2.500000000000000000e+01	2.781610801762633756e+01
-2.250000000000000000e+01	2.972869014386898456e+01
-2.000000000000000000e+01	3.193676307889454691e+01
-1.750000000000000000e+01	3.460934308476348065e+01
-1.500000000000000000e+01	3.795605917712040878e+01
-1.250000000000000000e+01	4.228616699953276736e+01
-1.000000000000000000e+01	4.815728320420281250e+01
-7.500000000000000000e+00	5.657533350639795344e+01
-5.000000000000000000e+00	6.901164241096127228e+01
-2.500000000000000000e+00	9.970429965640410330e+01
0.000000000000000000e+00	1.137028546936807061e+02
2.500000000000000000e+00	1.258933521799015409e+02
5.000000000000000000e+00	1.238649524461617375e+02
7.500000000000000000e+00	1.224605863850066214e+02
1.000000000000000000e+01	1.210847338703259481e+02
1.250000000000000000e+01	1.195959077976856264e+02
1.500000000000000000e+01	1.179286705171367373e+02
1.750000000000000000e+01	1.163783866004497725e+02
2.000000000000000000e+01	1.148935385439161649e+02
2.250000000000000000e+01	1.133836927507513792e+02
2.500000000000000000e+01	1.120307102496956020e+02
2.750000000000000000e+01	1.106430266319068920e+02
3.000000000000000000e+01	1.091068000785459731e+02
3.250000000000000000e+01	1.076078722702079062e+02
3.500000000000000000e+01	1.060137416171636886e+02
3.750000000000000000e+01	1.044333130226920190e+02
4.000000000000000000e+01	1.029511844477368925e+02
4.250000000000000000e+01	1.014395785108666672e+02
4.500000000000000000e+01	9.998435561744219058e+01
4.750000000000000000e+01	9.845787072857871181e+01
5.000000000000000000e+01	9.689245958692180238e+01
5.250000000000000000e+01	9.541230765330841734e+01
5.500000000000000000e+01	9.395800247334324240e+01
5.750000000000000000e+01	9.252315139721244464e+01
6.000000000000000000e+01	9.100129804041522164e+01
6.250000000000000000e+01	8.953040124560833135e+01
6.500000000000000000e+01	8.807675505447750197e+01
6.750000000000000000e+01	8.665887505171704674e+01
7.000000000000000000e+01	8.533779906920153735e+01
7.250000000000000000e+01	8.395697913208154262e+01
7.500000000000000000e+01	8.247499207675313926e+01
7.750000000000000000e+01	8.092526821425272487e+01
8.000000000000000000e+01	7.950415220057389831e+01
8.250000000000000000e+01	7.812803276807079556e+01
8.500000000000000000e+01	7.734815043867088491e+01
8.750000000000000000e+01	7.735263496966693708e+01
9.000000000000000000e+01	7.747468129028771955e+01
9.250000000000000000e+01	7.800106470038120676e+01
9.500000000000000000e+01	7.872314525980779365e+01
9.750000000000000000e+01	7.943131547793434777e+01
1.000000000000000000e+02	8.041959877393018985e+01
1.025000000000000000e+02	8.135455347495181400e+01
1.050000000000000000e+02	8.227794462879013793e+01
1.075000000000000000e+02	8.319848299319296814e+01
1.100000000000000000e+02	8.392551270838025346e+01
1.125000000000000000e+02	8.458168668258646505e+01
1.150000000000000000e+02	8.514543905096505227e+01
1.175000000000000000e+02	8.543708732212409984e+01
1.200000000000000000e+02	8.546032675465687589e+01
1.225000000000000000e+02	8.487062872471170749e+01
1.250000000000000000e+02	8.371440238591759453e+01
1.275000000000000000e+02	8.241201049534726053e+01
1.300000000000000000e+02	8.089086614516173768e+01
1.325000000000000000e+02	7.906277441396555616e+01
1.350000000000000000e+02	7.703702252377962623e+01
1.375000000000000000e+02	7.487352370312484595e+01
1.400000000000000000e+02	7.231236414631820253e+01
1.425000000000000000e+02	6.911833956972796500e+01
1.450000000000000000e+02	6.520588575062048164e+01
1.475000000000000000e+02	6.001037098712026108e+01
1.500000000000000000e+02	5.503384187997713184e+01
1.525000000000000000e+02	5.278402112412374692e+01
1.550000000000000000e+02	5.265375317557897716e+01
1.575000000000000000e+02	5.268947001362469251e+01
1.600000000000000000e+02	5.276125330648826406e+01
1.625000000000000000e+02	5.285216061588982228e+01
1.650000000000000000e+02	5.289436123983058735e+01
1.675000000000000000e+02	5.290699136496616006e+01
1.700000000000000000e+02	5.294411804721249837e+01
1.725000000000000000e+02	5.297199532436515312e+01
1.750000000000000000e+02	5.303541190384930815e+01
1.775000000000000000e+02	5.311046110251498931e+01
1.800000000000000000e+02	5.317473991330274430e+01
1.825000000000000000e+02	5.326112074906064464e+01
1.850000000000000000e+02	5.338743447063059477e+01
1.875000000000000000e+02	5.349469654563028342e+01
1.900000000000000000e+02	5.354360676460812840e+01
1.925000000000000000e+02	5.365118881887016045e+01
1.950000000000000000e+02	5.376501291297934415e+01
1.975000000000000000e+02	5.383508047506814620e+01
2.000000000000000000e+02	5.395677198311593514e+01
