-1.500000000000000000e+02	5.191874538344646339e+01
-1.475000000000000000e+02	5.147181749918552640e+01
-1.450000000000000000e+02	5.104371539279018322e+01
-1.425000000000000000e+02	5.050037746653032400e+01
-1.400000000000000000e+02	4.994870236294313059e+01
-1.375000000000000000e+02	4.947953720586254178e+01
-1.350000000000000000e+02	4.895009607673117102e+01
-1.325000000000000000e+02	4.844908487333834302e+01
-1.300000000000000000e+02	4.806156621525118311e+01
-1.275000000000000000e+02	4.761584744056160190e+01
-1.250000000000000000e+02	4.731018803532430184e+01
-1.225000000000000000e+02	4.698702789590455353e+01
-1.200000000000000000e+02	4.671658139559900036e+01
-1.175000000000000000e+02	4.651444301374412760e+01
-1.150000000000000000e+02	4.631304782718132884e+01
-1.125000000000000000e+02	4.614992243193857746e+01
-1.100000000000000000e+02	4.603903435754193652e+01
-1.075000000000000000e+02	4.594483216036255158e+01
-1.050000000000000000e+02	4.589138564076524318e+01
-1.025000000000000000e+02	4.587728850786530899e+01
-1.000000000000000000e+02	4.591650391119480901e+01
-9.750000000000000000e+01	4.598919960885390168e+01
-9.500000000000000000e+01	4.612029280924488006e+01
-9.250000000000000000e+01	4.632977452317920353e+01
-9.000000000000000000e+01	4.656165702931780714e+01
-8.750000000000000000e+01	4.689174049950646150e+01
-8.500000000000000000e+01	4.729600084998367038e+01
-8.250000000000000000e+01	4.772587679286637297e+01
-8.000000000000000000e+01	4.834780741913876767e+01
-7.750000000000000000e+01	4.908750713649551756e+01
-7.500000000000000000e+01	4.982103409697829477e+01
-7.250000000000000000e+01	5.096603649823669713e+01
-7.000000000000000000e+01	5.189186976864691303e+01
-6.750000000000000000e+01	5.310164945465811570e+01
-6.500000000000000000e+01	5.459346817181661748e+01
-6.250000000000000000e+01	5.606484191359896840e+01
-6.000000000000000000e+01	5.816594690822284974e+01
-5.750000000000000000e+01	5.991607015893284682e+01
-5.500000000000000000e+01	6.163187852764086472e+01
-5.250000000000000000e+01	6.305383348024260215e+01
-5.000000000000000000e+01	6.430151907029150493e+01
-4.750000000000000000e+01	6.545485106418011867e+01
-4.500000000000000000e+01	6.640197173434137312e+01
-4.250000000000000000e+01	6.756022025448164925e+01
-4.000000000000000000e+01	6.845315246592264202e+01
-3.750000000000000000e+01	6.929175443743844198e+01
-3.500000000000000000e+01	6.859677480653084558e+01
-3.250000000000000000e+01	5.964418361749787323e+01
-3.000000000000000000e+01	4.547107914230633696e+01
-2.750000000000000000e+01	4.137642496500352252e+01
-2.500000000000000000e+01	4.569672057719187563e+01
-2.250000000000000000e+01	4.873989487281900779e+01
-2.000000000000000000e+01	5.224548537824907157e+01
-1.750000000000000000e+01	5.645896337344768057e+01
-1.500000000000000000e+01	6.163457688739560325e+01
-1.250000000000000000e+01	6.814978911727158106e+01
-1.000000000000000000e+01	7.721033907834767263e+01
-7.500000000000000000e+00	9.070889586332877741e+01
-5.000000000000000000e+00	1.105644983912726076e+02
-2.500000000000000000e+00	1.591870005292369399e+02
0.000000000000000000e+00	1.814710888094113272e+02
2.500000000000000000e+00	2.012643555287496611e+02
5.000000000000000000e+00	1.985157398660793717e+02
7.500000000000000000e+00	1.967671244086142792e+02
1.000000000000000000e+01	1.952176251949314008e+02
1.250000000000000000e+01	1.934909570475236649e+02
1.500000000000000000e+01	1.915179758261262748e+02
1.750000000000000000e+01	1.897504773638628137e+02
2.000000000000000000e+01	1.881096026002946644e+02
2.250000000000000000e+01	1.865023148424630222e+02
2.500000000000000000e+01	1.851765153275019884e+02
2.750000000000000000e+01	1.838327945097579743e+02
3.000000000000000000e+01	1.822064363629712034e+02
3.250000000000000000e+01	1.805723335235857405e+02
3.500000000000000000e+01	1.789766863150045424e+02
3.750000000000000000e+01	1.773529714577715310e+02
4.000000000000000000e+01	1.757579022669044093e+02
4.250000000000000000e+01	1.741397527194912982e+02
4.500000000000000000e+01	1.726512047221435466e+02
4.750000000000000000e+01	1.710767316432410041e+02
5.000000000000000000e+01	1.693080698673113886e+02
5.250000000000000000e+01	1.677368296430249472e+02
5.500000000000000000e+01	1.662256620421002253e+02
5.750000000000000000e+01	1.645851655817133405e+02
6.000000000000000000e+01	1.629486450644100444e+02
6.250000000000000000e+01	1.613602970988844163e+02
6.500000000000000000e+01	1.597348694214814486e+02
6.750000000000000000e+01	1.581513500969979589e+02
7.000000000000000000e+01	1.567310879241146324e+02
7.250000000000000000e+01	1.552442473055959908e+02
7.500000000000000000e+01	1.535792248107738374e+02
7.750000000000000000e+01	1.517842437045437123e+02
8.000000000000000000e+01	1.500425771799226879e+02
8.250000000000000000e+01	1.484333877997172237e+02
8.500000000000000000e+01	1.468060314042362506e+02
8.750000000000000000e+01	1.452234826146429327e+02
9.000000000000000000e+01	1.436644813265309040e+02
9.250000000000000000e+01	1.419967048876926583e+02
9.500000000000000000e+01	1.403385809250992224e+02
9.750000000000000000e+01	1.387280778291775789e+02
1.000000000000000000e+02	1.371941022969902519e+02
1.025000000000000000e+02	1.356841860576672900e+02
1.050000000000000000e+02	1.340767345833095590e+02
1.075000000000000000e+02	1.324610202425658940e+02
1.100000000000000000e+02	1.308493552561401998e+02
1.125000000000000000e+02	1.292058755235239573e+02
1.150000000000000000e+02	1.276359078625127381e+02
1.175000000000000000e+02	1.260908660115328956e+02
1.200000000000000000e+02	1.245470157501404032e+02
1.225000000000000000e+02	1.230688805132960937e+02
1.250000000000000000e+02	1.214861069875448578e+02
1.275000000000000000e+02	1.198798798486736246e+02
1.300000000000000000e+02	1.183326914133185284e+02
1.325000000000000000e+02	1.167102658795631243e+02
1.350000000000000000e+02	1.148971512347971498e+02
1.375000000000000000e+02	1.129758349191020415e+02
1.400000000000000000e+02	1.108199799735121474e+02
1.425000000000000000e+02	1.081751668080286066e+02
1.450000000000000000e+02	1.048972223508386037e+02
1.475000000000000000e+02	1.004294945212642887e+02
1.500000000000000000e+02	9.421559898552398238e+01
1.525000000000000000e+02	8.525112625604486993e+01
1.550000000000000000e+02	7.478049172389881960e+01
1.575000000000000000e+02	6.430315634740037467e+01
1.600000000000000000e+02	5.608667604086471670e+01
1.625000000000000000e+02	5.292388780407443960e+01
1.650000000000000000e+02	5.290432849112007574e+01
1.675000000000000000e+02	5.276669813775495044e+01
1.700000000000000000e+02	5.282702624185790086e+01
1.725000000000000000e+02	5.306442949125184327e+01
1.750000000000000000e+02	5.305114407089583750e+01
1.775000000000000000e+02	5.309170527937349249e+01
1.800000000000000000e+02	5.312533924563641108e+01
1.825000000000000000e+02	5.318817075541476669e+01
1.850000000000000000e+02	5.328554263406230973e+01
1.875000000000000000e+02	5.337413556050705665e+01
1.900000000000000000e+02	5.349848502691661167e+01
1.925000000000000000e+02	5.357022474585173910e+01
1.950000000000000000e+02	5.371729481480154078e+01
1.975000000000000000e+02	5.367140721897683875e+01
2.000000000000000000e+02	5.382141252462226788e+01
