-1.500000000000000000e+02	3.222995170492123407e+01
-1.475000000000000000e+02	3.216354001586550027e+01
-1.450000000000000000e+02	3.210164900006007827e+01
-1.425000000000000000e+02	3.201686111800809442e+01
-1.400000000000000000e+02	3.191808514129269625e+01
-1.375000000000000000e+02	3.182450100878130783e+01
-1.350000000000000000e+02	3.170595900039645798e+01
-1.325000000000000000e+02	3.157398150228767619e+01
-1.300000000000000000e+02	3.145677946687581894e+01
-1.275000000000000000e+02	3.129745890846973566e+01
-1.250000000000000000e+02	3.116606070005973805e+01
-1.225000000000000000e+02	3.099964353707383324e+01
-1.200000000000000000e+02	3.082253837591123258e+01
-1.175000000000000000e+02	3.066223127161956086e+01
-1.150000000000000000e+02	3.046692442644898335e+01
-1.125000000000000000e+02	3.025641901788744548e+01
-1.100000000000000000e+02	3.007155682654427409e+01
-1.075000000000000000e+02	2.985361776673415690e+01
-1.050000000000000000e+02	2.963281839857944533e+01
-1.025000000000000000e+02	2.943928597634978672e+01
-1.000000000000000000e+02	2.918725168268924008e+01
-9.750000000000000000e+01	2.901090336936150038e+01
-9.500000000000000000e+01	2.881676859582834638e+01
-9.250000000000000000e+01	2.864971537498054843e+01
-9.000000000000000000e+01	2.853586943444821955e+01
-8.750000000000000000e+01	2.843481578642802177e+01
-8.500000000000000000e+01	2.836518599394657514e+01
-8.250000000000000000e+01	2.834573571717129425e+01
-8.000000000000000000e+01	2.838513270781512077e+01
-7.750000000000000000e+01	2.849258973803407358e+01
-7.500000000000000000e+01	2.864607975777777327e+01
-7.250000000000000000e+01	2.894243504808291689e+01
-7.000000000000000000e+01	2.918470394680545610e+01
-6.750000000000000000e+01	2.953693232793180812e+01
-6.500000000000000000e+01	3.007709465946743421e+01
-6.250000000000000000e+01	3.062078325801593692e+01
-6.000000000000000000e+01	3.136493097219778292e+01
-5.750000000000000000e+01	3.199312294287061320e+01
-5.500000000000000000e+01	3.259097077723543379e+01
-5.250000000000000000e+01	3.298655381420706334e+01
-5.000000000000000000e+01	3.324799044453433794e+01
-4.750000000000000000e+01	3.343243246505584665e+01
-4.500000000000000000e+01	3.350245209366899246e+01
-4.250000000000000000e+01	3.353292849242257034e+01
-4.000000000000000000e+01	3.355230427109860614e+01
-3.750000000000000000e+01	3.350666824281945111e+01
-3.500000000000000000e+01	3.295305552504888169e+01
-3.250000000000000000e+01	2.871402084836511648e+01
-3.000000000000000000e+01	2.184698126405683638e+01
-2.750000000000000000e+01	1.963844525996513113e+01
-2.500000000000000000e+01	2.134662341024971255e+01
-2.250000000000000000e+01	2.236572552129934621e+01
-2.000000000000000000e+01	2.349995770917444560e+01
-1.750000000000000000e+01	2.483822224162122794e+01
-1.500000000000000000e+01	2.649250650899663384e+01
-1.250000000000000000e+01	2.861777154271346646e+01
-1.000000000000000000e+01	3.147385578968323117e+01
-7.500000000000000000e+00	3.550090868222986273e+01
-5.000000000000000000e+00	4.135279197929653350e+01
-2.500000000000000000e+00	5.508713858333470625e+01
0.000000000000000000e+00	6.085172416631873915e+01
2.500000000000000000e+00	6.495181509904757888e+01
5.000000000000000000e+00	6.390483814792799677e+01
7.500000000000000000e+00	6.391475113325807911e+01
1.000000000000000000e+01	6.401865456677235500e+01
1.250000000000000000e+01	6.426502585794858646e+01
1.500000000000000000e+01	6.420610050213373654e+01
1.750000000000000000e+01	6.398393378770293793e+01
2.000000000000000000e+01	6.385442878618425055e+01
2.250000000000000000e+01	6.507923673317256430e+01
2.500000000000000000e+01	6.638410227097122629e+01
2.750000000000000000e+01	6.634149136412059988e+01
3.000000000000000000e+01	6.617627594634900845e+01
3.250000000000000000e+01	6.615758670017461895e+01
3.500000000000000000e+01	6.637977931400604348e+01
3.750000000000000000e+01	6.641875954124667203e+01
4.000000000000000000e+01	6.634530693442357574e+01
4.250000000000000000e+01	6.620036188893178064e+01
4.500000000000000000e+01	6.606742585694914283e+01
4.750000000000000000e+01	6.696750383389343142e+01
5.000000000000000000e+01	6.849308021020971182e+01
5.250000000000000000e+01	6.899298249313737585e+01
5.500000000000000000e+01	6.925216871171875255e+01
5.750000000000000000e+01	6.946729325220337614e+01
6.000000000000000000e+01	6.913841747989977193e+01
6.250000000000000000e+01	6.898153211270928864e+01
6.500000000000000000e+01	6.905124093545502717e+01
6.750000000000000000e+01	7.025670319105482520e+01
7.000000000000000000e+01	7.155222012681204546e+01
7.250000000000000000e+01	7.137424073244302747e+01
7.500000000000000000e+01	7.237118594027496954e+01
7.750000000000000000e+01	7.360887878297228326e+01
8.000000000000000000e+01	7.357552801477342541e+01
8.250000000000000000e+01	7.370540073296056960e+01
8.500000000000000000e+01	7.393238267788927942e+01
8.750000000000000000e+01	7.550895200803489615e+01
9.000000000000000000e+01	7.702598398006560387e+01
9.250000000000000000e+01	7.732411546492488696e+01
9.500000000000000000e+01	7.797267755790967669e+01
9.750000000000000000e+01	7.829229065647037089e+01
1.000000000000000000e+02	7.842273795652708657e+01
1.025000000000000000e+02	7.944514811716136649e+01
1.050000000000000000e+02	8.145369625767639832e+01
1.075000000000000000e+02	8.319269035366531284e+01
1.100000000000000000e+02	8.397933735760015850e+01
1.125000000000000000e+02	8.479223326284852646e+01
1.150000000000000000e+02	8.568080619473961690e+01
1.175000000000000000e+02	8.647334947642391967e+01
1.200000000000000000e+02	8.738474267748252089e+01
1.225000000000000000e+02	8.659855075894267884e+01
1.250000000000000000e+02	8.282678672845869983e+01
1.275000000000000000e+02	7.872828109238793104e+01
1.300000000000000000e+02	7.644855515804383117e+01
1.325000000000000000e+02	7.443289588232147480e+01
1.350000000000000000e+02	7.164304146162997711e+01
1.375000000000000000e+02	6.842854796637612935e+01
1.400000000000000000e+02	6.526057184108417175e+01
1.425000000000000000e+02	6.235857609115367239e+01
1.450000000000000000e+02	5.891488271966837686e+01
1.475000000000000000e+02	5.507092065125794988e+01
1.500000000000000000e+02	5.266637573957194007e+01
1.525000000000000000e+02	5.207074296918131040e+01
1.550000000000000000e+02	5.208642368363250341e+01
1.575000000000000000e+02	5.211687864612402166e+01
1.600000000000000000e+02	5.217044422128316228e+01
1.625000000000000000e+02	5.223054108960217690e+01
1.650000000000000000e+02	5.227300466841962390e+01
1.675000000000000000e+02	5.232086666987291323e+01
1.700000000000000000e+02	5.238727008729384238e+01
1.725000000000000000e+02	5.243455460535919599e+01
1.750000000000000000e+02	5.248628967204180640e+01
1.775000000000000000e+02	5.256294287549246036e+01
1.800000000000000000e+02	5.262629893501124911e+01
1.825000000000000000e+02	5.270342912968621363e+01
1.850000000000000000e+02	5.279734678165887374e+01
1.875000000000000000e+02	5.288318080235919894e+01
1.900000000000000000e+02	5.298565691979580805e+01
1.925000000000000000e+02	5.307523007956738326e+01
1.950000000000000000e+02	5.316706048480180158e+01
1.975000000000000000e+02	5.326390870641258601e+01
2.000000000000000000e+02	5.336563207677155418e+01
