-1.500000000000000000e+02	5.562167122721271539e+01
-1.475000000000000000e+02	5.548097622001525764e+01
-1.450000000000000000e+02	5.533911185890718087e+01
-1.425000000000000000e+02	5.514122583864126881e+01
-1.400000000000000000e+02	5.490866085233183469e+01
-1.375000000000000000e+02	5.468470694859619385e+01
-1.350000000000000000e+02	5.439547318489351824e+01
-1.325000000000000000e+02	5.406456292729802016e+01
-1.300000000000000000e+02	5.376383551362375357e+01
-1.275000000000000000e+02	5.334544734103947405e+01
-1.250000000000000000e+02	5.299534167043048427e+01
-1.225000000000000000e+02	5.255120447084795643e+01
-1.200000000000000000e+02	5.208179753281844171e+01
-1.175000000000000000e+02	5.165830604869250209e+01
-1.150000000000000000e+02	5.114196385366352615e+01
-1.125000000000000000e+02	5.058589615823707675e+01
-1.100000000000000000e+02	5.009832302584329256e+01
-1.075000000000000000e+02	4.951888378841036342e+01
-1.050000000000000000e+02	4.891730153713668017e+01
-1.025000000000000000e+02	4.837452883743143417e+01
-1.000000000000000000e+02	4.762430744247451742e+01
-9.750000000000000000e+01	4.706209153341311691e+01
-9.500000000000000000e+01	4.639698938634461456e+01
-9.250000000000000000e+01	4.572184048186039007e+01
-9.000000000000000000e+01	4.516344001774364614e+01
-8.750000000000000000e+01	4.453365024828639918e+01
-8.500000000000000000e+01	4.391396479796741659e+01
-8.250000000000000000e+01	4.339978566087031453e+01
-8.000000000000000000e+01	4.283678382965939591e+01
-7.750000000000000000e+01	4.235516249918644860e+01
-7.500000000000000000e+01	4.201435639594692617e+01
-7.250000000000000000e+01	4.167221368964867878e+01
-7.000000000000000000e+01	4.147457969974517766e+01
-6.750000000000000000e+01	4.134921516864677926e+01
-6.500000000000000000e+01	4.146783042253462526e+01
-6.250000000000000000e+01	4.172291871277192143e+01
-6.000000000000000000e+01	4.215939248565320696e+01
-5.750000000000000000e+01	4.251862934654580783e+01
-5.500000000000000000e+01	4.286149318251339224e+01
-5.250000000000000000e+01	4.313735323652208820e+01
-5.000000000000000000e+01	4.327800010489719540e+01
-4.750000000000000000e+01	4.315609066279857586e+01
-4.500000000000000000e+01	4.290585441642113551e+01
-4.250000000000000000e+01	4.257282400065431460e+01
-4.000000000000000000e+01	4.231030544990677811e+01
-3.750000000000000000e+01	4.198474971611859985e+01
-3.500000000000000000e+01	4.099215722428206021e+01
-3.250000000000000000e+01	3.521138342647745390e+01
-3.000000000000000000e+01	2.642148010212637743e+01
-2.750000000000000000e+01	2.336752168773463723e+01
-2.500000000000000000e+01	2.487725360826119925e+01
-2.250000000000000000e+01	2.526653355586738314e+01
-2.000000000000000000e+01	2.562084888517356518e+01
-1.750000000000000000e+01	2.621557255292918498e+01
-1.500000000000000000e+01	2.718324272656579410e+01
-1.250000000000000000e+01	2.845941420132634292e+01
-1.000000000000000000e+01	3.003374874074240708e+01
-7.500000000000000000e+00	3.237368716129022772e+01
-5.000000000000000000e+00	3.662767843819706570e+01
-2.500000000000000000e+00	4.894982741198207776e+01
0.000000000000000000e+00	5.559225043518339504e+01
2.500000000000000000e+00	6.303934835386497326e+01
5.000000000000000000e+00	6.280089347817179402e+01
7.500000000000000000e+00	6.284439405337239748e+01
1.000000000000000000e+01	6.296851116141686333e+01
1.250000000000000000e+01	6.301931823438410873e+01
1.500000000000000000e+01	6.292869964215875456e+01
1.750000000000000000e+01	6.299529722343440596e+01
2.000000000000000000e+01	6.335085305868435768e+01
2.250000000000000000e+01	6.376285963642530419e+01
2.500000000000000000e+01	6.401537464404300692e+01
2.750000000000000000e+01	6.395508622243871599e+01
3.000000000000000000e+01	6.372770922491353218e+01
3.250000000000000000e+01	6.396854404934202876e+01
3.500000000000000000e+01	6.460146070866578327e+01
3.750000000000000000e+01	6.507728289623916851e+01
4.000000000000000000e+01	6.535679929277122824e+01
4.250000000000000000e+01	6.558443173815292937e+01
4.500000000000000000e+01	6.593350408688620234e+01
4.750000000000000000e+01	6.634164023187273074e+01
5.000000000000000000e+01	6.655914843037562889e+01
5.250000000000000000e+01	6.649136188553482896e+01
5.500000000000000000e+01	6.639549486146319168e+01
5.750000000000000000e+01	6.687933155637459492e+01
6.000000000000000000e+01	6.764912346761543915e+01
6.250000000000000000e+01	6.809406509685732090e+01
6.500000000000000000e+01	6.826643494089334752e+01
6.750000000000000000e+01	6.823703771502749760e+01
7.000000000000000000e+01	6.842197269029831830e+01
7.250000000000000000e+01	6.909123850197920547e+01
7.500000000000000000e+01	6.963829435339421536e+01
7.750000000000000000e+01	7.062183014735191477e+01
8.000000000000000000e+01	7.192688387245731008e+01
8.250000000000000000e+01	7.243287082773986185e+01
8.500000000000000000e+01	7.276918172561326514e+01
8.750000000000000000e+01	7.343760042637397589e+01
9.000000000000000000e+01	7.393575097726815670e+01
9.250000000000000000e+01	7.396849572986714350e+01
9.500000000000000000e+01	7.438623526136855446e+01
9.750000000000000000e+01	7.562538527245416731e+01
1.000000000000000000e+02	7.691295380155925443e+01
1.025000000000000000e+02	7.800918003564072478e+01
1.050000000000000000e+02	7.884071810498548416e+01
1.075000000000000000e+02	7.915611179131259689e+01
1.100000000000000000e+02	7.770516244435771114e+01
1.125000000000000000e+02	7.824357432955225988e+01
1.150000000000000000e+02	8.117697458781141506e+01
1.175000000000000000e+02	8.221728828628147312e+01
1.200000000000000000e+02	8.226145427061159410e+01
1.225000000000000000e+02	8.162534170279324996e+01
1.250000000000000000e+02	7.997463611029193942e+01
1.275000000000000000e+02	7.705931712809814371e+01
1.300000000000000000e+02	7.439414285132896509e+01
1.325000000000000000e+02	7.232473689408276130e+01
1.350000000000000000e+02	6.923833237072018676e+01
1.375000000000000000e+02	6.663359469694137260e+01
1.400000000000000000e+02	6.435223058361282256e+01
1.425000000000000000e+02	6.100721273502484365e+01
1.450000000000000000e+02	5.768569444495235388e+01
1.475000000000000000e+02	5.309855528060437990e+01
1.500000000000000000e+02	5.005026365699828972e+01
1.525000000000000000e+02	4.993707735754557575e+01
1.550000000000000000e+02	4.993507709075687728e+01
1.575000000000000000e+02	4.993330994393325284e+01
1.600000000000000000e+02	4.993148108038439403e+01
1.625000000000000000e+02	4.993068440168053712e+01
1.650000000000000000e+02	4.992888864477101407e+01
1.675000000000000000e+02	4.992574722630731543e+01
1.700000000000000000e+02	4.992344698428961181e+01
1.725000000000000000e+02	4.992122573646908990e+01
1.750000000000000000e+02	4.991890699797073694e+01
1.775000000000000000e+02	4.991565333628182799e+01
1.800000000000000000e+02	4.991415004246258036e+01
1.825000000000000000e+02	4.991230247608045545e+01
1.850000000000000000e+02	4.990844331008273826e+01
1.875000000000000000e+02	4.990547290699103655e+01
1.900000000000000000e+02	4.990233739792338952e+01
1.925000000000000000e+02	4.989945907645756051e+01
1.950000000000000000e+02	4.989700536398690645e+01
1.975000000000000000e+02	4.989428816333833083e+01
2.000000000000000000e+02	4.989066949652754346e+01
