-1.500000000000000000e+02	3.236392196849404712e+01
-1.475000000000000000e+02	3.230949918676562049e+01
-1.450000000000000000e+02	3.225927083985452271e+01
-1.425000000000000000e+02	3.218934691297747719e+01
-1.400000000000000000e+02	3.210575953772141844e+01
-1.375000000000000000e+02	3.202521404995557930e+01
-1.350000000000000000e+02	3.192153728009278169e+01
-1.325000000000000000e+02	3.180376710928830519e+01
-1.300000000000000000e+02	3.169756157559003640e+01
-1.275000000000000000e+02	3.155070165477538424e+01
-1.250000000000000000e+02	3.142745089461683605e+01
-1.225000000000000000e+02	3.126887886394695570e+01
-1.200000000000000000e+02	3.109687100121887582e+01
-1.175000000000000000e+02	3.093901531144911843e+01
-1.150000000000000000e+02	3.074415258959816200e+01
-1.125000000000000000e+02	3.053072704454114117e+01
-1.100000000000000000e+02	3.034106685995851649e+01
-1.075000000000000000e+02	3.011476313292655149e+01
-1.050000000000000000e+02	2.988216582649102193e+01
-1.025000000000000000e+02	2.967545876617804979e+01
-1.000000000000000000e+02	2.940064344410597741e+01
-9.750000000000000000e+01	2.920336036939085389e+01
-9.500000000000000000e+01	2.898004309715808802e+01
-9.250000000000000000e+01	2.877615331144901134e+01
-9.000000000000000000e+01	2.862657371744595736e+01
-8.750000000000000000e+01	2.847939871259197275e+01
-8.500000000000000000e+01	2.835856099960903620e+01
-8.250000000000000000e+01	2.829134669920841105e+01
-8.000000000000000000e+01	2.827261270724693532e+01
-7.750000000000000000e+01	2.832713467573490362e+01
-7.500000000000000000e+01	2.843840968422957971e+01
-7.250000000000000000e+01	2.868435797083914096e+01
-7.000000000000000000e+01	2.889421234951038997e+01
-6.750000000000000000e+01	2.920346609443189223e+01
-6.500000000000000000e+01	2.969871790879725992e+01
-6.250000000000000000e+01	3.022633420684515571e+01
-6.000000000000000000e+01	3.096001261489623602e+01
-5.750000000000000000e+01	3.153814645774279768e+01
-5.500000000000000000e+01	3.207148967571538378e+01
-5.250000000000000000e+01	3.244417155122956586e+01
-5.000000000000000000e+01	3.268538121410669817e+01
-4.750000000000000000e+01	3.281232245382778956e+01
-4.500000000000000000e+01	3.284624193539822556e+01
-4.250000000000000000e+01	3.287331143076556117e+01
-4.000000000000000000e+01	3.293717643867464062e+01
-3.750000000000000000e+01	3.307423598885080196e+01
-3.500000000000000000e+01	3.282196563235496711e+01
-3.250000000000000000e+01	2.877906839984498077e+01
-3.000000000000000000e+01	2.188868507568407651e+01
-2.750000000000000000e+01	1.953189964024749870e+01
-2.500000000000000000e+01	2.095150613409015961e+01
-2.250000000000000000e+01	2.157026328983596741e+01
-2.000000000000000000e+01	2.223144313806942307e+01
-1.750000000000000000e+01	2.301258705954813166e+01
-1.500000000000000000e+01	2.401325246217853504e+01
-1.250000000000000000e+01	2.540356969533224074e+01
-1.000000000000000000e+01	2.729271279937795214e+01
-7.500000000000000000e+00	2.973121210323398955e+01
-5.000000000000000000e+00	3.378667185356487579e+01
-2.500000000000000000e+00	4.793679377358912319e+01
0.000000000000000000e+00	5.281401895762726184e+01
2.500000000000000000e+00	5.517171275235593697e+01
5.000000000000000000e+00	5.830413153271228310e+01
7.500000000000000000e+00	5.771090933277588420e+01
1.000000000000000000e+01	5.544045628167722839e+01
1.250000000000000000e+01	5.858164677053400027e+01
1.500000000000000000e+01	5.793868556937830050e+01
1.750000000000000000e+01	5.554709292501909346e+01
2.000000000000000000e+01	5.877539795932408140e+01
2.250000000000000000e+01	5.822347792485172135e+01
2.500000000000000000e+01	5.600542756205420858e+01
2.750000000000000000e+01	5.941562585565520038e+01
3.000000000000000000e+01	5.864106164839518698e+01
3.250000000000000000e+01	5.647536576848057166e+01
3.500000000000000000e+01	5.985823981409619421e+01
3.750000000000000000e+01	5.882501601959679505e+01
4.000000000000000000e+01	5.702718736896154184e+01
4.250000000000000000e+01	6.044537174727393847e+01
4.500000000000000000e+01	5.909340682899712505e+01
4.750000000000000000e+01	5.777690764661468137e+01
5.000000000000000000e+01	6.110127604151639247e+01
5.250000000000000000e+01	5.926833420026291321e+01
5.500000000000000000e+01	5.862991604395947576e+01
5.750000000000000000e+01	6.183250700878829775e+01
6.000000000000000000e+01	5.954185975151248300e+01
6.250000000000000000e+01	5.977650511691707180e+01
6.500000000000000000e+01	6.261211038907717352e+01
6.750000000000000000e+01	5.991371865156592236e+01
7.000000000000000000e+01	6.124728036703945833e+01
7.250000000000000000e+01	6.359784418956871122e+01
7.500000000000000000e+01	6.058545695002576537e+01
7.750000000000000000e+01	6.288423948328809132e+01
8.000000000000000000e+01	6.429908578453269286e+01
8.250000000000000000e+01	6.129500645596466768e+01
8.500000000000000000e+01	6.474341671696986111e+01
8.750000000000000000e+01	6.524464823575893035e+01
9.000000000000000000e+01	6.275370533733808998e+01
9.250000000000000000e+01	6.688095450827954380e+01
9.500000000000000000e+01	6.632181585263261070e+01
9.750000000000000000e+01	6.501279887859621454e+01
1.000000000000000000e+02	6.925946415304900938e+01
1.025000000000000000e+02	6.764612178061713621e+01
1.050000000000000000e+02	6.821129571519705337e+01
1.075000000000000000e+02	7.189513558239656277e+01
1.100000000000000000e+02	6.939858520875571912e+01
1.125000000000000000e+02	7.222023706518862696e+01
1.150000000000000000e+02	7.473707131469757314e+01
1.175000000000000000e+02	7.171332633255144628e+01
1.200000000000000000e+02	7.454925048056789194e+01
1.225000000000000000e+02	7.221330748319455495e+01
1.250000000000000000e+02	6.618042404932062084e+01
1.275000000000000000e+02	5.910663272800840673e+01
1.300000000000000000e+02	5.128152499621433691e+01
1.325000000000000000e+02	5.029430355142182663e+01
1.350000000000000000e+02	5.039225599537871858e+01
1.375000000000000000e+02	5.035282870436739699e+01
1.400000000000000000e+02	5.031869972569672456e+01
1.425000000000000000e+02	5.027671070302859135e+01
1.450000000000000000e+02	5.021925738535995265e+01
1.475000000000000000e+02	5.011617480354481557e+01
1.500000000000000000e+02	4.999606222249329335e+01
1.525000000000000000e+02	4.993799510308338796e+01
1.550000000000000000e+02	4.993412285120466265e+01
1.575000000000000000e+02	4.993082520237057764e+01
1.600000000000000000e+02	4.992752491227839329e+01
1.625000000000000000e+02	4.992531075448888345e+01
1.650000000000000000e+02	4.992216272243278752e+01
1.675000000000000000e+02	4.991772707516393126e+01
1.700000000000000000e+02	4.991418297232365830e+01
1.725000000000000000e+02	4.991077862801343912e+01
1.750000000000000000e+02	4.990733330668130918e+01
1.775000000000000000e+02	4.990300996056279814e+01
1.800000000000000000e+02	4.990048902610049453e+01
1.825000000000000000e+02	4.989768031146090266e+01
1.850000000000000000e+02	4.989291953545652092e+01
1.875000000000000000e+02	4.988910077040691249e+01
1.900000000000000000e+02	4.988517218089636174e+01
1.925000000000000000e+02	4.988155515383248684e+01
1.950000000000000000e+02	4.987841763348333046e+01
1.975000000000000000e+02	4.987507129892377833e+01
2.000000000000000000e+02	4.987087828841536208e+01
