-1.500000000000000000e+02	6.702883896862194035e+01
-1.475000000000000000e+02	6.682767738791793022e+01
-1.450000000000000000e+02	6.662391645062884038e+01
-1.425000000000000000e+02	6.634275678109209196e+01
-1.400000000000000000e+02	6.601783237455262565e+01
-1.375000000000000000e+02	6.570821008115269990e+01
-1.350000000000000000e+02	6.531197650906443641e+01
-1.325000000000000000e+02	6.486314259420619521e+01
-1.300000000000000000e+02	6.445777327281473390e+01
-1.275000000000000000e+02	6.389700583141819834e+01
-1.250000000000000000e+02	6.343016481872242451e+01
-1.225000000000000000e+02	6.284072365297600982e+01
-1.200000000000000000e+02	6.222115298285289242e+01
-1.175000000000000000e+02	6.166395903646552767e+01
-1.150000000000000000e+02	6.098634885433107655e+01
-1.125000000000000000e+02	6.025993076373970325e+01
-1.100000000000000000e+02	5.962626712894446968e+01
-1.075000000000000000e+02	5.887728082155456377e+01
-1.050000000000000000e+02	5.810431582589537669e+01
-1.025000000000000000e+02	5.741099616564315511e+01
-1.000000000000000000e+02	5.645732879132799553e+01
-9.750000000000000000e+01	5.574644788110255433e+01
-9.500000000000000000e+01	5.490899613006556734e+01
-9.250000000000000000e+01	5.405963708493096931e+01
-9.000000000000000000e+01	5.335576639378195551e+01
-8.750000000000000000e+01	5.255964648100195546e+01
-8.500000000000000000e+01	5.177162533841737257e+01
-8.250000000000000000e+01	5.110625890809433258e+01
-8.000000000000000000e+01	5.035349690463189631e+01
-7.750000000000000000e+01	4.966670506697817444e+01
-7.500000000000000000e+01	4.913242554900703851e+01
-7.250000000000000000e+01	4.848932796453152605e+01
-7.000000000000000000e+01	4.802888288361928915e+01
-6.750000000000000000e+01	4.755653733008770701e+01
-6.500000000000000000e+01	4.730813893399592729e+01
-6.250000000000000000e+01	4.723828017882900809e+01
-6.000000000000000000e+01	4.721353678688809907e+01
-5.750000000000000000e+01	4.720018581608879060e+01
-5.500000000000000000e+01	4.717619317103104493e+01
-5.250000000000000000e+01	4.705726738695755529e+01
-5.000000000000000000e+01	4.677613719104321888e+01
-4.750000000000000000e+01	4.633378901282429041e+01
-4.500000000000000000e+01	4.589532113552363057e+01
-4.250000000000000000e+01	4.539326730594056158e+01
-4.000000000000000000e+01	4.506040560066058021e+01
-3.750000000000000000e+01	4.465916583721563171e+01
-3.500000000000000000e+01	4.349808080193335513e+01
-3.250000000000000000e+01	3.709447624649860131e+01
-3.000000000000000000e+01	2.757769738638490509e+01
-2.750000000000000000e+01	2.415595379071036319e+01
-2.500000000000000000e+01	2.561234394268442927e+01
-2.250000000000000000e+01	2.604844168371985091e+01
-2.000000000000000000e+01	2.646392243771057551e+01
-1.750000000000000000e+01	2.704502156427036752e+01
-1.500000000000000000e+01	2.791444366064390081e+01
-1.250000000000000000e+01	2.889772311027569174e+01
-1.000000000000000000e+01	3.017059979436491801e+01
-7.500000000000000000e+00	3.257087849426795145e+01
-5.000000000000000000e+00	3.704665165439686803e+01
-2.500000000000000000e+00	5.004734823754588291e+01
0.000000000000000000e+00	5.657579921583635496e+01
2.500000000000000000e+00	6.312501976201225773e+01
5.000000000000000000e+00	6.239616599133597674e+01
7.500000000000000000e+00	6.214048226990603041e+01
1.000000000000000000e+01	6.249578661233645960e+01
1.250000000000000000e+01	6.309807436472465270e+01
1.500000000000000000e+01	6.333329982929685542e+01
1.750000000000000000e+01	6.340084992521623519e+01
2.000000000000000000e+01	6.349910266739659903e+01
2.250000000000000000e+01	6.361363258416056254e+01
2.500000000000000000e+01	6.384480291596924673e+01
2.750000000000000000e+01	6.405551996202271425e+01
3.000000000000000000e+01	6.412293919924508145e+01
3.250000000000000000e+01	6.436617368034768560e+01
3.500000000000000000e+01	6.483121219493044407e+01
3.750000000000000000e+01	6.514549696976907001e+01
4.000000000000000000e+01	6.511633102157534836e+01
4.250000000000000000e+01	6.490162154309615516e+01
4.500000000000000000e+01	6.514963852839163394e+01
4.750000000000000000e+01	6.580671073561300943e+01
5.000000000000000000e+01	6.628066729564262971e+01
5.250000000000000000e+01	6.661283343347390939e+01
5.500000000000000000e+01	6.690688330642821313e+01
5.750000000000000000e+01	6.719955882676576664e+01
6.000000000000000000e+01	6.767574960468220979e+01
6.250000000000000000e+01	6.832163724389246795e+01
6.500000000000000000e+01	6.875151470038082380e+01
6.750000000000000000e+01	6.870106156846026124e+01
7.000000000000000000e+01	6.882041084949993603e+01
7.250000000000000000e+01	6.963547812760208444e+01
7.500000000000000000e+01	7.044986742502473476e+01
7.750000000000000000e+01	7.082526484907050701e+01
8.000000000000000000e+01	7.106649157195698763e+01
8.250000000000000000e+01	7.123984431133300177e+01
8.500000000000000000e+01	7.145537294914721826e+01
8.750000000000000000e+01	7.198255915494165436e+01
9.000000000000000000e+01	7.366501637266530622e+01
9.250000000000000000e+01	7.515299126156784837e+01
9.500000000000000000e+01	7.567095015581577400e+01
9.750000000000000000e+01	7.633406098922372962e+01
1.000000000000000000e+02	7.697931366324394276e+01
1.025000000000000000e+02	7.795212052073249254e+01
1.050000000000000000e+02	7.875943652962240549e+01
1.075000000000000000e+02	7.885948042686314352e+01
1.100000000000000000e+02	7.949681967191718002e+01
1.125000000000000000e+02	8.102182701322425373e+01
1.150000000000000000e+02	8.192456831753979429e+01
1.175000000000000000e+02	8.209385254210570793e+01
1.200000000000000000e+02	8.231119321228035801e+01
1.225000000000000000e+02	8.185767350433326328e+01
1.250000000000000000e+02	8.002418891838044601e+01
1.275000000000000000e+02	7.697200006433989472e+01
1.300000000000000000e+02	7.440703496443978793e+01
1.325000000000000000e+02	7.232428571204843593e+01
1.350000000000000000e+02	6.918635106371688437e+01
1.375000000000000000e+02	6.669433104546608604e+01
1.400000000000000000e+02	6.431167175524531388e+01
1.425000000000000000e+02	6.099613078632351204e+01
1.450000000000000000e+02	5.773004851417742600e+01
1.475000000000000000e+02	5.306749012944888477e+01
1.500000000000000000e+02	5.005239849544659592e+01
1.525000000000000000e+02	4.993667628782550594e+01
1.550000000000000000e+02	4.993469641584966467e+01
1.575000000000000000e+02	4.993293033613402088e+01
1.600000000000000000e+02	4.993110257293249532e+01
1.625000000000000000e+02	4.993030697229180959e+01
1.650000000000000000e+02	4.992851235489483486e+01
1.675000000000000000e+02	4.992537216059407257e+01
1.700000000000000000e+02	4.992307313004828728e+01
1.725000000000000000e+02	4.992085310377052565e+01
1.750000000000000000e+02	4.991853561052522537e+01
1.775000000000000000e+02	4.991528326071860988e+01
1.800000000000000000e+02	4.991378121510864929e+01
1.825000000000000000e+02	4.991193493064710651e+01
1.850000000000000000e+02	4.990807717021398560e+01
1.875000000000000000e+02	4.990510819438867429e+01
1.900000000000000000e+02	4.990197422944075356e+01
1.925000000000000000e+02	4.989909757873017071e+01
1.950000000000000000e+02	4.989664564239809152e+01
1.975000000000000000e+02	4.989393030984643929e+01
2.000000000000000000e+02	4.989031358329049937e+01
