-1.500000000000000000e+02	7.827950421673106973e+01
-1.475000000000000000e+02	7.801868665709295669e+01
-1.450000000000000000e+02	7.775552387043011038e+01
-1.425000000000000000e+02	7.739685644937851805e+01
-1.400000000000000000e+02	7.698964137496999172e+01
-1.375000000000000000e+02	7.660638496043085865e+01
-1.350000000000000000e+02	7.612143481361293595e+01
-1.325000000000000000e+02	7.557902104637673801e+01
-1.300000000000000000e+02	7.509308882680640806e+01
-1.275000000000000000e+02	7.442568350069846872e+01
-1.250000000000000000e+02	7.387314369530402303e+01
-1.225000000000000000e+02	7.317830291685042710e+01
-1.200000000000000000e+02	7.245079104889553889e+01
-1.175000000000000000e+02	7.179796178355627490e+01
-1.150000000000000000e+02	7.100564555777776832e+01
-1.125000000000000000e+02	7.015943539558625730e+01
-1.100000000000000000e+02	6.942443584378928279e+01
-1.075000000000000000e+02	6.855996711243652442e+01
-1.050000000000000000e+02	6.767324506919069904e+01
-1.025000000000000000e+02	6.688265889748431903e+01
-1.000000000000000000e+02	6.580200412938823717e+01
-9.750000000000000000e+01	6.500200739186016108e+01
-9.500000000000000000e+01	6.406541050025920470e+01
-9.250000000000000000e+01	6.312215797843581555e+01
-9.000000000000000000e+01	6.234493103752969034e+01
-8.750000000000000000e+01	6.147205585709681941e+01
-8.500000000000000000e+01	6.061636703480117205e+01
-8.250000000000000000e+01	5.989977357739238784e+01
-8.000000000000000000e+01	5.909617198433712559e+01
-7.750000000000000000e+01	5.837463766000814758e+01
-7.500000000000000000e+01	5.782204016325996321e+01
-7.250000000000000000e+01	5.717320098448140442e+01
-7.000000000000000000e+01	5.672384999301235808e+01
-6.750000000000000000e+01	5.628085776240214955e+01
-6.500000000000000000e+01	5.607555328630310498e+01
-6.250000000000000000e+01	5.604574735161878607e+01
-6.000000000000000000e+01	5.606807699433360170e+01
-5.750000000000000000e+01	5.606052953269897898e+01
-5.500000000000000000e+01	5.598261308377755086e+01
-5.250000000000000000e+01	5.575275288575289068e+01
-5.000000000000000000e+01	5.533635409717192744e+01
-4.750000000000000000e+01	5.473374124473433255e+01
-4.500000000000000000e+01	5.411895504801876200e+01
-4.250000000000000000e+01	5.333233322937829968e+01
-4.000000000000000000e+01	5.269185786592087339e+01
-3.750000000000000000e+01	5.176999338297135012e+01
-3.500000000000000000e+01	4.974122882144298075e+01
-3.250000000000000000e+01	4.156528036510931656e+01
-3.000000000000000000e+01	3.032476660892333697e+01
-2.750000000000000000e+01	2.596451479537730478e+01
-2.500000000000000000e+01	2.683674265929547786e+01
-2.250000000000000000e+01	2.650356989310196809e+01
-2.000000000000000000e+01	2.611079724822399939e+01
-1.750000000000000000e+01	2.576574700712994925e+01
-1.500000000000000000e+01	2.554660663014982092e+01
-1.250000000000000000e+01	2.557280369753800642e+01
-1.000000000000000000e+01	2.614075789366177105e+01
-7.500000000000000000e+00	2.772267211775748663e+01
-5.000000000000000000e+00	3.110690963674684539e+01
-2.500000000000000000e+00	4.640065940400923239e+01
0.000000000000000000e+00	5.220745103149351962e+01
2.500000000000000000e+00	5.492565274308282142e+01
5.000000000000000000e+00	5.804003978414894505e+01
7.500000000000000000e+00	5.803661936268451171e+01
1.000000000000000000e+01	5.537164831420866307e+01
1.250000000000000000e+01	5.831714672800661248e+01
1.500000000000000000e+01	5.826492759808683530e+01
1.750000000000000000e+01	5.549249961985505308e+01
2.000000000000000000e+01	5.851839224147337859e+01
2.250000000000000000e+01	5.854059331190940441e+01
2.500000000000000000e+01	5.592292208594447089e+01
2.750000000000000000e+01	5.917584418777368427e+01
3.000000000000000000e+01	5.896662964593486578e+01
3.250000000000000000e+01	5.635706020446140485e+01
3.500000000000000000e+01	5.965381989401829799e+01
3.750000000000000000e+01	5.916455276789278628e+01
4.000000000000000000e+01	5.685894976557339930e+01
4.250000000000000000e+01	6.027924556855386840e+01
4.500000000000000000e+01	5.945108028826585667e+01
4.750000000000000000e+01	5.755353713923571490e+01
5.000000000000000000e+01	6.098126181362187737e+01
5.250000000000000000e+01	5.963081648281381320e+01
5.500000000000000000e+01	5.834282683928135071e+01
5.750000000000000000e+01	6.177408775235396377e+01
6.000000000000000000e+01	5.989957111460071815e+01
6.250000000000000000e+01	5.943469204353434066e+01
6.500000000000000000e+01	6.262131987652544041e+01
6.750000000000000000e+01	6.023903380032473365e+01
7.000000000000000000e+01	6.087195008781802841e+01
7.250000000000000000e+01	6.367696690597706066e+01
7.500000000000000000e+01	6.084598667391789917e+01
7.750000000000000000e+01	6.253475889968672874e+01
8.000000000000000000e+01	6.446585579231354757e+01
8.250000000000000000e+01	6.142237955248095460e+01
8.500000000000000000e+01	6.444154122572865617e+01
8.750000000000000000e+01	6.549814232746261666e+01
9.000000000000000000e+01	6.270771603990812082e+01
9.250000000000000000e+01	6.666775725599030977e+01
9.500000000000000000e+01	6.665631077525826242e+01
9.750000000000000000e+01	6.477837532740863935e+01
1.000000000000000000e+02	6.915553552680559335e+01
1.025000000000000000e+02	6.802807557214214285e+01
1.050000000000000000e+02	6.783618769083150823e+01
1.075000000000000000e+02	7.191132233411809693e+01
1.100000000000000000e+02	6.973704917898081135e+01
1.125000000000000000e+02	7.182046091330705906e+01
1.150000000000000000e+02	7.489669647802456609e+01
1.175000000000000000e+02	7.177750546813898325e+01
1.200000000000000000e+02	7.426339950212178564e+01
1.225000000000000000e+02	7.262623441529667900e+01
1.250000000000000000e+02	6.594576663013444318e+01
1.275000000000000000e+02	5.876476777565157761e+01
1.300000000000000000e+02	5.146124723933699130e+01
1.325000000000000000e+02	5.026531627927043644e+01
1.350000000000000000e+02	5.038515654351487427e+01
1.375000000000000000e+02	5.034588873237721884e+01
1.400000000000000000e+02	5.031212128639892711e+01
1.425000000000000000e+02	5.027058578039731174e+01
1.450000000000000000e+02	5.021375490279530140e+01
1.475000000000000000e+02	5.011181591002021207e+01
1.500000000000000000e+02	4.999307850969702827e+01
1.525000000000000000e+02	4.993568721978168412e+01
1.550000000000000000e+02	4.993184690056993702e+01
1.575000000000000000e+02	4.992857265996783411e+01
1.600000000000000000e+02	4.992529522870497516e+01
1.625000000000000000e+02	4.992310314654150005e+01
1.650000000000000000e+02	4.991997688127830202e+01
1.675000000000000000e+02	4.991556285274448612e+01
1.700000000000000000e+02	4.991203971542020668e+01
1.725000000000000000e+02	4.990865582392245159e+01
1.750000000000000000e+02	4.990523054392299684e+01
1.775000000000000000e+02	4.990092710018338096e+01
1.800000000000000000e+02	4.989842522191893437e+01
1.825000000000000000e+02	4.989563532452422834e+01
1.850000000000000000e+02	4.989089362399936078e+01
1.875000000000000000e+02	4.988709344456034245e+01
1.900000000000000000e+02	4.988318329630055814e+01
1.925000000000000000e+02	4.987958454420047616e+01
1.950000000000000000e+02	4.987646511807520255e+01
1.975000000000000000e+02	4.987313698118997252e+01
2.000000000000000000e+02	4.986896255661613253e+01
