-1.500000000000000000e+02	4.964258114539407529e+01
-1.475000000000000000e+02	4.911039979080970141e+01
-1.450000000000000000e+02	4.859916356373651780e+01
-1.425000000000000000e+02	4.794998253397503873e+01
-1.400000000000000000e+02	4.729045067712910821e+01
-1.375000000000000000e+02	4.672873961299404044e+01
-1.350000000000000000e+02	4.609354285214833880e+01
-1.325000000000000000e+02	4.549048893849893460e+01
-1.300000000000000000e+02	4.502278066316453931e+01
-1.275000000000000000e+02	4.448360363369541659e+01
-1.250000000000000000e+02	4.411387966594132592e+01
-1.225000000000000000e+02	4.372442017080857823e+01
-1.200000000000000000e+02	4.340191814996011033e+01
-1.175000000000000000e+02	4.316373758431133467e+01
-1.150000000000000000e+02	4.292993848602052509e+01
-1.125000000000000000e+02	4.274535175026418443e+01
-1.100000000000000000e+02	4.262316418231961279e+01
-1.075000000000000000e+02	4.252292702954405712e+01
-1.050000000000000000e+02	4.246991413652434488e+01
-1.025000000000000000e+02	4.246012184089209285e+01
-1.000000000000000000e+02	4.250925391461546354e+01
-9.750000000000000000e+01	4.259063621651432641e+01
-9.500000000000000000e+01	4.273091264642831533e+01
-9.250000000000000000e+01	4.294347662373724717e+01
-9.000000000000000000e+01	4.316859406727332527e+01
-8.750000000000000000e+01	4.347312779674805228e+01
-8.500000000000000000e+01	4.382248608391184064e+01
-8.250000000000000000e+01	4.417795770144183365e+01
-8.000000000000000000e+01	4.468441073335169023e+01
-7.750000000000000000e+01	4.530215799390190057e+01
-7.500000000000000000e+01	4.594859644677890032e+01
-7.250000000000000000e+01	4.703573889990504853e+01
-7.000000000000000000e+01	4.797905604606867058e+01
-6.750000000000000000e+01	4.926713829850181270e+01
-6.500000000000000000e+01	5.085884861376215582e+01
-6.250000000000000000e+01	5.240352158269710259e+01
-6.000000000000000000e+01	5.459373166986843273e+01
-5.750000000000000000e+01	5.642822899465508613e+01
-5.500000000000000000e+01	5.823513583926732906e+01
-5.250000000000000000e+01	5.974152590239387450e+01
-5.000000000000000000e+01	6.108076997637812156e+01
-4.750000000000000000e+01	6.233964739871852601e+01
-4.500000000000000000e+01	6.338421769189454125e+01
-4.250000000000000000e+01	6.466603403993616439e+01
-4.000000000000000000e+01	6.565909412399632572e+01
-3.750000000000000000e+01	6.662959617658651723e+01
-3.500000000000000000e+01	6.613739904249389667e+01
-3.250000000000000000e+01	5.771612053359999095e+01
-3.000000000000000000e+01	4.414409750777419106e+01
-2.750000000000000000e+01	4.029489826967797939e+01
-2.500000000000000000e+01	4.459835632334821298e+01
-2.250000000000000000e+01	4.763765370253533860e+01
-2.000000000000000000e+01	5.112838044168253759e+01
-1.750000000000000000e+01	5.544927396866990676e+01
-1.500000000000000000e+01	6.092283921284382586e+01
-1.250000000000000000e+01	6.791469563681100396e+01
-1.000000000000000000e+01	7.732554389698590569e+01
-7.500000000000000000e+00	9.078685541867942277e+01
-5.000000000000000000e+00	1.106837339224887558e+02
-2.500000000000000000e+00	1.599588587705688667e+02
0.000000000000000000e+00	1.825978556424683745e+02
2.500000000000000000e+00	2.030432851629352342e+02
5.000000000000000000e+00	2.008771320772442834e+02
7.500000000000000000e+00	1.996386189469408805e+02
1.000000000000000000e+01	1.985085657583284728e+02
1.250000000000000000e+01	1.971562656923644283e+02
1.500000000000000000e+01	1.955098416514791779e+02
1.750000000000000000e+01	1.939778675784672544e+02
2.000000000000000000e+01	1.926741292947030502e+02
2.250000000000000000e+01	1.913579882906184366e+02
2.500000000000000000e+01	1.902248602385946299e+02
2.750000000000000000e+01	1.891268193561702731e+02
3.000000000000000000e+01	1.877388109704693022e+02
3.250000000000000000e+01	1.863258975640801225e+02
3.500000000000000000e+01	1.849044364114902805e+02
3.750000000000000000e+01	1.834101972802918965e+02
4.000000000000000000e+01	1.820191604429622032e+02
4.250000000000000000e+01	1.805895212069215177e+02
4.500000000000000000e+01	1.792235039343881340e+02
4.750000000000000000e+01	1.777826838976498038e+02
5.000000000000000000e+01	1.761046433596259249e+02
5.250000000000000000e+01	1.746417138426565430e+02
5.500000000000000000e+01	1.732535661253962758e+02
5.750000000000000000e+01	1.717367734463836655e+02
6.000000000000000000e+01	1.702220597278258651e+02
6.250000000000000000e+01	1.687018341114196005e+02
6.500000000000000000e+01	1.671322923763077881e+02
6.750000000000000000e+01	1.655866447605330904e+02
7.000000000000000000e+01	1.642054105051736315e+02
7.250000000000000000e+01	1.627757463060816576e+02
7.500000000000000000e+01	1.612074273592855036e+02
7.750000000000000000e+01	1.594905571869423113e+02
8.000000000000000000e+01	1.577429137164040469e+02
8.250000000000000000e+01	1.561659015356727593e+02
8.500000000000000000e+01	1.545700347089045010e+02
8.750000000000000000e+01	1.529451912358118761e+02
9.000000000000000000e+01	1.514018939351770996e+02
9.250000000000000000e+01	1.498470752259370329e+02
9.500000000000000000e+01	1.482549652695866484e+02
9.750000000000000000e+01	1.466517116529673785e+02
1.000000000000000000e+02	1.450570963364314991e+02
1.025000000000000000e+02	1.434769492576062646e+02
1.050000000000000000e+02	1.418412908221935140e+02
1.075000000000000000e+02	1.402299146608095270e+02
1.100000000000000000e+02	1.386608828720844713e+02
1.125000000000000000e+02	1.370953572422196203e+02
1.150000000000000000e+02	1.355621259359611486e+02
1.175000000000000000e+02	1.339682989310036874e+02
1.200000000000000000e+02	1.323748500490831930e+02
1.225000000000000000e+02	1.308419032853838075e+02
1.250000000000000000e+02	1.292702771919465192e+02
1.275000000000000000e+02	1.277280666466652832e+02
1.300000000000000000e+02	1.261134317715667947e+02
1.325000000000000000e+02	1.244672481282403140e+02
1.350000000000000000e+02	1.227699284898428260e+02
1.375000000000000000e+02	1.208556302086677050e+02
1.400000000000000000e+02	1.187272003823944573e+02
1.425000000000000000e+02	1.161865077719352115e+02
1.450000000000000000e+02	1.130339658734060322e+02
1.475000000000000000e+02	1.087594985500758469e+02
1.500000000000000000e+02	1.027605581790731009e+02
1.525000000000000000e+02	9.386247566394115438e+01
1.550000000000000000e+02	8.320112943849045450e+01
1.575000000000000000e+02	7.242623703725028861e+01
1.600000000000000000e+02	6.210257657983541435e+01
1.625000000000000000e+02	5.493562585436031753e+01
1.650000000000000000e+02	5.279421303641027663e+01
1.675000000000000000e+02	5.280766565456569595e+01
1.700000000000000000e+02	5.283510743600231763e+01
1.725000000000000000e+02	5.289679961204778635e+01
1.750000000000000000e+02	5.301976721606011012e+01
1.775000000000000000e+02	5.304154423907408500e+01
1.800000000000000000e+02	5.312565696250609903e+01
1.825000000000000000e+02	5.334761261869164883e+01
1.850000000000000000e+02	5.341738694939039078e+01
1.875000000000000000e+02	5.337500758793567712e+01
1.900000000000000000e+02	5.344535153147850082e+01
1.925000000000000000e+02	5.357002298595480738e+01
1.950000000000000000e+02	5.368780919316831302e+01
1.975000000000000000e+02	5.379283385396093564e+01
2.000000000000000000e+02	5.395570510606439996e+01
