-1.500000000000000000e+02	7.208964406314980522e+01
-1.475000000000000000e+02	7.196272638893977103e+01
-1.450000000000000000e+02	7.178956734298949982e+01
-1.425000000000000000e+02	7.169262238565960388e+01
-1.400000000000000000e+02	7.171114486723493542e+01
-1.375000000000000000e+02	7.201397701985059996e+01
-1.350000000000000000e+02	7.307747502740025425e+01
-1.325000000000000000e+02	7.841649236424568414e+01
-1.300000000000000000e+02	7.243049676575679996e+01
-1.275000000000000000e+02	6.566308208492935705e+01
-1.250000000000000000e+02	5.861631245679136981e+01
-1.225000000000000000e+02	5.716922628777345494e+01
-1.200000000000000000e+02	5.634115489483688322e+01
-1.175000000000000000e+02	5.565312425298314025e+01
-1.150000000000000000e+02	5.501267613221146746e+01
-1.125000000000000000e+02	5.450547798344901196e+01
-1.100000000000000000e+02	5.399741397167505852e+01
-1.075000000000000000e+02	5.348055658954655200e+01
-1.050000000000000000e+02	5.300235940242271937e+01
-1.025000000000000000e+02	5.254528132610314373e+01
-1.000000000000000000e+02	5.210780933862167075e+01
-9.750000000000000000e+01	5.170888461626561394e+01
-9.500000000000000000e+01	5.133941390710695174e+01
-9.250000000000000000e+01	5.100239060817590087e+01
-9.000000000000000000e+01	5.071836437832101296e+01
-8.750000000000000000e+01	5.047303739648882015e+01
-8.500000000000000000e+01	5.028771193211491664e+01
-8.250000000000000000e+01	5.015497606452691315e+01
-8.000000000000000000e+01	5.008741106302790058e+01
-7.750000000000000000e+01	5.008555201107599686e+01
-7.500000000000000000e+01	5.016396614649746510e+01
-7.250000000000000000e+01	5.033307468526081863e+01
-7.000000000000000000e+01	5.060854646691302605e+01
-6.750000000000000000e+01	5.102374617465008555e+01
-6.500000000000000000e+01	5.156406793593015436e+01
-6.250000000000000000e+01	5.225599456899493589e+01
-6.000000000000000000e+01	5.305371350251724749e+01
-5.750000000000000000e+01	5.400117313836444310e+01
-5.500000000000000000e+01	5.504477768584551711e+01
-5.250000000000000000e+01	5.622088744976594654e+01
-5.000000000000000000e+01	5.759506588960123707e+01
-4.750000000000000000e+01	5.911577533329800360e+01
-4.500000000000000000e+01	6.083841982655871305e+01
-4.250000000000000000e+01	6.287426920282992171e+01
-4.000000000000000000e+01	6.514679528011663479e+01
-3.750000000000000000e+01	6.786091100150619582e+01
-3.500000000000000000e+01	7.095920880887079818e+01
-3.250000000000000000e+01	7.472975276374566533e+01
-3.000000000000000000e+01	7.915208732589810836e+01
-2.750000000000000000e+01	8.450408120086882491e+01
-2.500000000000000000e+01	9.101791765085233976e+01
-2.250000000000000000e+01	9.804273965243258715e+01
-2.000000000000000000e+01	1.050011679894487884e+02
-1.750000000000000000e+01	1.120721960893261979e+02
-1.500000000000000000e+01	1.182447724302287924e+02
-1.250000000000000000e+01	1.241059374958701511e+02
-1.000000000000000000e+01	1.306068609376874861e+02
-7.500000000000000000e+00	1.387772559712233544e+02
-5.000000000000000000e+00	1.494714035865863480e+02
-2.500000000000000000e+00	1.621509655891915145e+02
0.000000000000000000e+00	1.754718596174744789e+02
2.500000000000000000e+00	1.865261534042763856e+02
5.000000000000000000e+00	2.028806996006761949e+02
7.500000000000000000e+00	2.328577059900974007e+02
1.000000000000000000e+01	2.420571963200359562e+02
1.250000000000000000e+01	2.438219441519754298e+02
1.500000000000000000e+01	2.349636826967100092e+02
1.750000000000000000e+01	2.282517006859087871e+02
2.000000000000000000e+01	2.218297233214034065e+02
2.250000000000000000e+01	2.158433847429582499e+02
2.500000000000000000e+01	2.102694067674668190e+02
2.750000000000000000e+01	2.049343353535529673e+02
3.000000000000000000e+01	1.995588554523697837e+02
3.250000000000000000e+01	1.940948644709922917e+02
3.500000000000000000e+01	1.885892014297492665e+02
3.750000000000000000e+01	1.830322147075293913e+02
4.000000000000000000e+01	1.774965709783677710e+02
4.250000000000000000e+01	1.720343478784059243e+02
4.500000000000000000e+01	1.666310919542620184e+02
4.750000000000000000e+01	1.611787355711472003e+02
5.000000000000000000e+01	1.554917193375299007e+02
5.250000000000000000e+01	1.501228917616962519e+02
5.500000000000000000e+01	1.452667905404586293e+02
5.750000000000000000e+01	1.401932412225757503e+02
6.000000000000000000e+01	1.353021640483576675e+02
6.250000000000000000e+01	1.305208729066727642e+02
6.500000000000000000e+01	1.258632345455715722e+02
6.750000000000000000e+01	1.215447590108616396e+02
7.000000000000000000e+01	1.190418597575832678e+02
7.250000000000000000e+01	1.187434998463878770e+02
7.500000000000000000e+01	1.191950386869046667e+02
7.750000000000000000e+01	1.197978180748689425e+02
8.000000000000000000e+01	1.201264767065264465e+02
8.250000000000000000e+01	1.203909307073575832e+02
8.500000000000000000e+01	1.206995897118284518e+02
8.750000000000000000e+01	1.208513624145367089e+02
9.000000000000000000e+01	1.212676309528084886e+02
9.250000000000000000e+01	1.218191192088735306e+02
9.500000000000000000e+01	1.222847607692197585e+02
9.750000000000000000e+01	1.228073838569866467e+02
1.000000000000000000e+02	1.233980332361502263e+02
1.025000000000000000e+02	1.238787453304262414e+02
1.050000000000000000e+02	1.242747464691845778e+02
1.075000000000000000e+02	1.246289845384136044e+02
1.100000000000000000e+02	1.251920834152681010e+02
1.125000000000000000e+02	1.257292273779688117e+02
1.150000000000000000e+02	1.261562324979234120e+02
1.175000000000000000e+02	1.268744187816907356e+02
1.200000000000000000e+02	1.274811626058057357e+02
1.225000000000000000e+02	1.279809918470385526e+02
1.250000000000000000e+02	1.288270398045197851e+02
1.275000000000000000e+02	1.295307802685961178e+02
1.300000000000000000e+02	1.301605803112044839e+02
1.325000000000000000e+02	1.311367747702032602e+02
1.350000000000000000e+02	1.320960716414288925e+02
1.375000000000000000e+02	1.330863749500554434e+02
1.400000000000000000e+02	1.340423677347919522e+02
1.425000000000000000e+02	1.351325372102976416e+02
1.450000000000000000e+02	1.365201011546463405e+02
1.475000000000000000e+02	1.375681028718078096e+02
1.500000000000000000e+02	1.385560052847020245e+02
1.525000000000000000e+02	1.394816525395677047e+02
1.550000000000000000e+02	1.385513335659325094e+02
1.575000000000000000e+02	1.298534189910016607e+02
1.600000000000000000e+02	1.217704385414124033e+02
1.625000000000000000e+02	1.212549628602429408e+02
1.650000000000000000e+02	1.214008896579462942e+02
1.675000000000000000e+02	1.214376777577941766e+02
1.700000000000000000e+02	1.214135297354178107e+02
