-1.500000000000000000e+02	7.214367369744694258e+01
-1.475000000000000000e+02	7.212285121068272531e+01
-1.450000000000000000e+02	7.211941772385553406e+01
-1.425000000000000000e+02	7.216312638093957332e+01
-1.400000000000000000e+02	7.238308040622429473e+01
-1.375000000000000000e+02	7.285124882787033584e+01
-1.350000000000000000e+02	7.411528289749671217e+01
-1.325000000000000000e+02	7.973387452509903994e+01
-1.300000000000000000e+02	7.373859443191213359e+01
-1.275000000000000000e+02	6.691300248488158786e+01
-1.250000000000000000e+02	5.984809286246188975e+01
-1.225000000000000000e+02	5.846808012743228034e+01
-1.200000000000000000e+02	5.772594476597024027e+01
-1.175000000000000000e+02	5.713225830891786217e+01
-1.150000000000000000e+02	5.658092715779343962e+01
-1.125000000000000000e+02	5.615849917655173584e+01
-1.100000000000000000e+02	5.571602809990270089e+01
-1.075000000000000000e+02	5.524204921418841963e+01
-1.050000000000000000e+02	5.477517610834371453e+01
-1.025000000000000000e+02	5.429448980044209350e+01
-1.000000000000000000e+02	5.378899759682076365e+01
-9.750000000000000000e+01	5.327618623356593730e+01
-9.500000000000000000e+01	5.274258547849602508e+01
-9.250000000000000000e+01	5.217929540231219221e+01
-9.000000000000000000e+01	5.161762778823057118e+01
-8.750000000000000000e+01	5.102567060271591970e+01
-8.500000000000000000e+01	5.044707921609750656e+01
-8.250000000000000000e+01	4.984938578343182769e+01
-8.000000000000000000e+01	4.927575482647665694e+01
-7.750000000000000000e+01	4.871820276473362554e+01
-7.500000000000000000e+01	4.817426885408515602e+01
-7.250000000000000000e+01	4.769331809703315628e+01
-7.000000000000000000e+01	4.727235007181983661e+01
-6.750000000000000000e+01	4.691745766057387357e+01
-6.500000000000000000e+01	4.665197732761604499e+01
-6.250000000000000000e+01	4.645262480504160152e+01
-6.000000000000000000e+01	4.632216540720730791e+01
-5.750000000000000000e+01	4.624805966370047372e+01
-5.500000000000000000e+01	4.623545371372307500e+01
-5.250000000000000000e+01	4.628423894627935198e+01
-5.000000000000000000e+01	4.640795746902294638e+01
-4.750000000000000000e+01	4.660436336833511461e+01
-4.500000000000000000e+01	4.687769173076673468e+01
-4.250000000000000000e+01	4.725379784170318942e+01
-4.000000000000000000e+01	4.772597742276308708e+01
-3.750000000000000000e+01	4.835290524729381190e+01
-3.500000000000000000e+01	4.914288006854432922e+01
-3.250000000000000000e+01	5.018180013083289026e+01
-3.000000000000000000e+01	5.150644677050144793e+01
-2.750000000000000000e+01	5.324570516770781836e+01
-2.500000000000000000e+01	5.547585373397284769e+01
-2.250000000000000000e+01	5.792117348983771308e+01
-2.000000000000000000e+01	6.023656491670267599e+01
-1.750000000000000000e+01	6.251116874373481380e+01
-1.500000000000000000e+01	6.430172126155017054e+01
-1.250000000000000000e+01	6.574391046139609784e+01
-1.000000000000000000e+01	6.735617941967774414e+01
-7.500000000000000000e+00	6.946249540221104724e+01
-5.000000000000000000e+00	7.262203137605305869e+01
-2.500000000000000000e+00	7.661955439600805562e+01
0.000000000000000000e+00	8.071069649021507075e+01
2.500000000000000000e+00	8.364869562202288478e+01
5.000000000000000000e+00	8.862574308785620758e+01
7.500000000000000000e+00	1.010879040001993587e+02
1.000000000000000000e+01	1.056245757151379649e+02
1.250000000000000000e+01	1.092819350521049699e+02
1.500000000000000000e+01	1.089008429919113752e+02
1.750000000000000000e+01	1.092667716976126258e+02
2.000000000000000000e+01	1.097861633308578462e+02
2.250000000000000000e+01	1.103703919042879704e+02
2.500000000000000000e+01	1.108841499534320576e+02
2.750000000000000000e+01	1.113389979367791796e+02
3.000000000000000000e+01	1.117532630127946902e+02
3.250000000000000000e+01	1.120966571647605861e+02
3.500000000000000000e+01	1.124313220319737781e+02
3.750000000000000000e+01	1.127404414284447682e+02
4.000000000000000000e+01	1.129882924871799332e+02
4.250000000000000000e+01	1.133267944744737150e+02
4.500000000000000000e+01	1.136606383851422777e+02
4.750000000000000000e+01	1.138924538113282097e+02
5.000000000000000000e+01	1.141902803873276753e+02
5.250000000000000000e+01	1.145889857035153199e+02
5.500000000000000000e+01	1.149097118539244775e+02
5.750000000000000000e+01	1.151557933696332157e+02
6.000000000000000000e+01	1.154379926208233940e+02
6.250000000000000000e+01	1.157679446233719460e+02
6.500000000000000000e+01	1.161189885299778695e+02
6.750000000000000000e+01	1.164706974669344959e+02
7.000000000000000000e+01	1.168017166339091091e+02
7.250000000000000000e+01	1.171364245767559851e+02
7.500000000000000000e+01	1.175051920352899515e+02
7.750000000000000000e+01	1.178739807902993562e+02
8.000000000000000000e+01	1.182456687250240179e+02
8.250000000000000000e+01	1.186092936729483824e+02
8.500000000000000000e+01	1.189582711344127688e+02
8.750000000000000000e+01	1.192743532794081034e+02
9.000000000000000000e+01	1.196012960532732734e+02
9.250000000000000000e+01	1.200564753160170284e+02
9.500000000000000000e+01	1.205899162456887410e+02
9.750000000000000000e+01	1.209903828738924432e+02
1.000000000000000000e+02	1.212584763570074529e+02
1.025000000000000000e+02	1.216874367118055602e+02
1.050000000000000000e+02	1.223366562317868613e+02
1.075000000000000000e+02	1.227636544429744703e+02
1.100000000000000000e+02	1.230874982998500542e+02
1.125000000000000000e+02	1.238261556518292252e+02
1.150000000000000000e+02	1.243546140319970021e+02
1.175000000000000000e+02	1.247553398155458098e+02
1.200000000000000000e+02	1.255770691746096617e+02
1.225000000000000000e+02	1.260801060351130616e+02
1.250000000000000000e+02	1.268445003105074136e+02
1.275000000000000000e+02	1.276559846032075427e+02
1.300000000000000000e+02	1.284044582097558020e+02
1.325000000000000000e+02	1.294059668904089904e+02
1.350000000000000000e+02	1.302707225029773781e+02
1.375000000000000000e+02	1.312133345158188718e+02
1.400000000000000000e+02	1.320220587930377576e+02
1.425000000000000000e+02	1.325126083465999898e+02
1.450000000000000000e+02	1.326459209167880431e+02
1.475000000000000000e+02	1.305896030583762979e+02
1.500000000000000000e+02	1.254330520247996930e+02
1.525000000000000000e+02	1.217597220240287470e+02
1.550000000000000000e+02	1.212390356054010709e+02
1.575000000000000000e+02	1.213364216884018560e+02
1.600000000000000000e+02	1.212583580900227389e+02
1.625000000000000000e+02	1.212545907836270089e+02
1.650000000000000000e+02	1.214012722654774876e+02
1.675000000000000000e+02	1.214379158702067656e+02
1.700000000000000000e+02	1.214136925176563011e+02
