-1.500000000000000000e+02	9.214779213482179898e+01
-1.475000000000000000e+02	9.201826707505719583e+01
-1.450000000000000000e+02	9.184686633540142964e+01
-1.425000000000000000e+02	9.175872684847861649e+01
-1.400000000000000000e+02	9.180815681298686570e+01
-1.375000000000000000e+02	9.217078697627759709e+01
-1.350000000000000000e+02	9.343665349952964050e+01
-1.325000000000000000e+02	1.000609824354691710e+02
-1.300000000000000000e+02	9.232632174779665490e+01
-1.275000000000000000e+02	8.366379025591275820e+01
-1.250000000000000000e+02	7.465980811038504328e+01
-1.225000000000000000e+02	7.279140433799965137e+01
-1.200000000000000000e+02	7.171193329668183480e+01
-1.175000000000000000e+02	7.080957975532791693e+01
-1.150000000000000000e+02	6.996220769401344342e+01
-1.125000000000000000e+02	6.926620737774254621e+01
-1.100000000000000000e+02	6.854881215886736356e+01
-1.075000000000000000e+02	6.778641827577553158e+01
-1.050000000000000000e+02	6.703765314622854987e+01
-1.025000000000000000e+02	6.627309784298257966e+01
-1.000000000000000000e+02	6.547426088725764259e+01
-9.750000000000000000e+01	6.467450287363261907e+01
-9.500000000000000000e+01	6.385282240435348911e+01
-9.250000000000000000e+01	6.299392606358534152e+01
-9.000000000000000000e+01	6.214663433748344801e+01
-8.750000000000000000e+01	6.126134345609308696e+01
-8.500000000000000000e+01	6.040110297583775179e+01
-8.250000000000000000e+01	5.951552268534089052e+01
-8.000000000000000000e+01	5.866542501146831512e+01
-7.750000000000000000e+01	5.783529375565868236e+01
-7.500000000000000000e+01	5.701676460000675917e+01
-7.250000000000000000e+01	5.627906128726917956e+01
-7.000000000000000000e+01	5.561388036910535249e+01
-6.750000000000000000e+01	5.502468756731437338e+01
-6.500000000000000000e+01	5.454799235938326518e+01
-6.250000000000000000e+01	5.414391813513266527e+01
-6.000000000000000000e+01	5.382065470962172782e+01
-5.750000000000000000e+01	5.354634750456578729e+01
-5.500000000000000000e+01	5.332939479283845685e+01
-5.250000000000000000e+01	5.315592311055912234e+01
-5.000000000000000000e+01	5.302685227844490612e+01
-4.750000000000000000e+01	5.295480965175198662e+01
-4.500000000000000000e+01	5.294228830722703094e+01
-4.250000000000000000e+01	5.300837673575109932e+01
-4.000000000000000000e+01	5.316700111607099899e+01
-3.750000000000000000e+01	5.345916367069719399e+01
-3.500000000000000000e+01	5.391230444146307121e+01
-3.250000000000000000e+01	5.459039044063853652e+01
-3.000000000000000000e+01	5.555280913910061003e+01
-2.750000000000000000e+01	5.692601314052771500e+01
-2.500000000000000000e+01	5.878107856846975210e+01
-2.250000000000000000e+01	6.087500781176701281e+01
-2.000000000000000000e+01	6.285263221642417619e+01
-1.750000000000000000e+01	6.480688528727691278e+01
-1.500000000000000000e+01	6.630571030399549670e+01
-1.250000000000000000e+01	6.744078296460612876e+01
-1.000000000000000000e+01	6.873935730226281748e+01
-7.500000000000000000e+00	7.048992943544463685e+01
-5.000000000000000000e+00	7.328196376292389402e+01
-2.500000000000000000e+00	7.695355419866709212e+01
0.000000000000000000e+00	8.083722087156479574e+01
2.500000000000000000e+00	8.365853185157048699e+01
5.000000000000000000e+00	8.838755789510285865e+01
7.500000000000000000e+00	1.001829700999464023e+02
1.000000000000000000e+01	1.045684179506951210e+02
1.250000000000000000e+01	1.083476043527637813e+02
1.500000000000000000e+01	1.079987214004129186e+02
1.750000000000000000e+01	1.082082182531215153e+02
2.000000000000000000e+01	1.084090129636760196e+02
2.250000000000000000e+01	1.086139197356625345e+02
2.500000000000000000e+01	1.088083808945136468e+02
2.750000000000000000e+01	1.090152120559629481e+02
3.000000000000000000e+01	1.092315017139300295e+02
3.250000000000000000e+01	1.094618890518351009e+02
3.500000000000000000e+01	1.096880451792158482e+02
3.750000000000000000e+01	1.098852572289036829e+02
4.000000000000000000e+01	1.100854551250253479e+02
4.250000000000000000e+01	1.103031297876673307e+02
4.500000000000000000e+01	1.105304871544370258e+02
4.750000000000000000e+01	1.107435416364374703e+02
5.000000000000000000e+01	1.109455319672319575e+02
5.250000000000000000e+01	1.111844580219530911e+02
5.500000000000000000e+01	1.114152703832626656e+02
5.750000000000000000e+01	1.116228267247519028e+02
6.000000000000000000e+01	1.118418224943952168e+02
6.250000000000000000e+01	1.120787188073023799e+02
6.500000000000000000e+01	1.123133824301594501e+02
6.750000000000000000e+01	1.125453728129656668e+02
7.000000000000000000e+01	1.127777733056523033e+02
7.250000000000000000e+01	1.130037627056427141e+02
7.500000000000000000e+01	1.132401417747223604e+02
7.750000000000000000e+01	1.134835872592958737e+02
8.000000000000000000e+01	1.137125445734793914e+02
8.250000000000000000e+01	1.139477848925153438e+02
8.500000000000000000e+01	1.141999127234014537e+02
8.750000000000000000e+01	1.144488404653253752e+02
9.000000000000000000e+01	1.146826807231596632e+02
9.250000000000000000e+01	1.149304127217617264e+02
9.500000000000000000e+01	1.151667784365813958e+02
9.750000000000000000e+01	1.153991325414092586e+02
1.000000000000000000e+02	1.156685027762393503e+02
1.025000000000000000e+02	1.159143696338975928e+02
1.050000000000000000e+02	1.161544027689897973e+02
1.075000000000000000e+02	1.164145425037135482e+02
1.100000000000000000e+02	1.166865173876226294e+02
1.125000000000000000e+02	1.169578093786055319e+02
1.150000000000000000e+02	1.172122310374017928e+02
1.175000000000000000e+02	1.174680405456613386e+02
1.200000000000000000e+02	1.177253937095603789e+02
1.225000000000000000e+02	1.179838582352933258e+02
1.250000000000000000e+02	1.182432678333848344e+02
1.275000000000000000e+02	1.185033485434355072e+02
1.300000000000000000e+02	1.187634684933418185e+02
1.325000000000000000e+02	1.190188865189246314e+02
1.350000000000000000e+02	1.192750101605293622e+02
1.375000000000000000e+02	1.195329470706621464e+02
1.400000000000000000e+02	1.197856430614982486e+02
1.425000000000000000e+02	1.200414364551465241e+02
1.450000000000000000e+02	1.202959542112526492e+02
1.475000000000000000e+02	1.205422387324982196e+02
1.500000000000000000e+02	1.207789197349585208e+02
1.525000000000000000e+02	1.209996560848199323e+02
1.550000000000000000e+02	1.211939344306813808e+02
1.575000000000000000e+02	1.212838476499549927e+02
1.600000000000000000e+02	1.212225201932478740e+02
1.625000000000000000e+02	1.212492565400270479e+02
1.650000000000000000e+02	1.214010570318588549e+02
1.675000000000000000e+02	1.214377915610454579e+02
1.700000000000000000e+02	1.214136076986383728e+02
