-1.500000000000000000e+02	7.213502193900376369e+01
-1.475000000000000000e+02	7.211330874282212733e+01
-1.450000000000000000e+02	7.210863471927810053e+01
-1.425000000000000000e+02	7.215144269806410193e+01
-1.400000000000000000e+02	7.237019961129519174e+01
-1.375000000000000000e+02	7.283736255797610681e+01
-1.350000000000000000e+02	7.410001066009905912e+01
-1.325000000000000000e+02	7.971584838703077480e+01
-1.300000000000000000e+02	7.372090433382749097e+01
-1.275000000000000000e+02	6.689607087901447358e+01
-1.250000000000000000e+02	5.983136023381147339e+01
-1.225000000000000000e+02	5.845059824991996322e+01
-1.200000000000000000e+02	5.770763397398276595e+01
-1.175000000000000000e+02	5.711323059094432608e+01
-1.150000000000000000e+02	5.656147624789618078e+01
-1.125000000000000000e+02	5.613901214558116237e+01
-1.100000000000000000e+02	5.569717339648544652e+01
-1.075000000000000000e+02	5.522487514643883344e+01
-1.050000000000000000e+02	5.476107259046937514e+01
-1.025000000000000000e+02	5.428532730035389875e+01
-1.000000000000000000e+02	5.378760453852430601e+01
-9.750000000000000000e+01	5.328560535647817176e+01
-9.500000000000000000e+01	5.276658526058177756e+01
-9.250000000000000000e+01	5.222293846684322460e+01
-9.000000000000000000e+01	5.168527280488306985e+01
-8.750000000000000000e+01	5.112336453540972769e+01
-8.500000000000000000e+01	5.057897506468509619e+01
-8.250000000000000000e+01	5.002172684325208252e+01
-8.000000000000000000e+01	4.949193437004209528e+01
-7.750000000000000000e+01	4.898217245735823155e+01
-7.500000000000000000e+01	4.849134211994012844e+01
-7.250000000000000000e+01	4.806563445973381477e+01
-7.000000000000000000e+01	4.770393333198776276e+01
-6.750000000000000000e+01	4.741473002041478679e+01
-6.500000000000000000e+01	4.721746961856543834e+01
-6.250000000000000000e+01	4.709151465423945382e+01
-6.000000000000000000e+01	4.703320724901694661e+01
-5.750000000000000000e+01	4.703030433913037456e+01
-5.500000000000000000e+01	4.707792165903998693e+01
-5.250000000000000000e+01	4.717271361699010868e+01
-5.000000000000000000e+01	4.732452633732600589e+01
-4.750000000000000000e+01	4.753056739797805363e+01
-4.500000000000000000e+01	4.780056862474179979e+01
-4.250000000000000000e+01	4.816290869274967434e+01
-4.000000000000000000e+01	4.861318626547480193e+01
-3.750000000000000000e+01	4.920840382125839341e+01
-3.500000000000000000e+01	4.995696331464504425e+01
-3.250000000000000000e+01	5.093883942982756707e+01
-3.000000000000000000e+01	5.219082471415171653e+01
-2.750000000000000000e+01	5.384057712803943474e+01
-2.500000000000000000e+01	5.596718488682210335e+01
-2.250000000000000000e+01	5.831308920603470369e+01
-2.000000000000000000e+01	6.053525261539618185e+01
-1.750000000000000000e+01	6.272298726609767527e+01
-1.500000000000000000e+01	6.443312909312615488e+01
-1.250000000000000000e+01	6.577855723074272021e+01
-1.000000000000000000e+01	6.727515147800640705e+01
-7.500000000000000000e+00	6.923307783372410995e+01
-5.000000000000000000e+00	7.221878270046819637e+01
-2.500000000000000000e+00	7.607444919418165341e+01
0.000000000000000000e+00	8.013402950912421829e+01
2.500000000000000000e+00	8.311503862489068695e+01
5.000000000000000000e+00	8.803304720457671806e+01
7.500000000000000000e+00	1.000577407135378394e+02
1.000000000000000000e+01	1.045139456650244512e+02
1.250000000000000000e+01	1.083510382907570886e+02
1.500000000000000000e+01	1.080022290921924508e+02
1.750000000000000000e+01	1.082117121689760069e+02
2.000000000000000000e+01	1.084124926028378297e+02
2.250000000000000000e+01	1.086173866047652581e+02
2.500000000000000000e+01	1.088118341169885781e+02
2.750000000000000000e+01	1.090186545173379216e+02
3.000000000000000000e+01	1.092349357761220716e+02
3.250000000000000000e+01	1.094653176099357239e+02
3.500000000000000000e+01	1.096914679979562663e+02
3.750000000000000000e+01	1.098886701211325487e+02
4.000000000000000000e+01	1.100888591310237530e+02
4.250000000000000000e+01	1.103065284342045231e+02
4.500000000000000000e+01	1.105338824659271069e+02
4.750000000000000000e+01	1.107469316458764723e+02
5.000000000000000000e+01	1.109489155339054918e+02
5.250000000000000000e+01	1.111878404071388644e+02
5.500000000000000000e+01	1.114186512837801359e+02
5.750000000000000000e+01	1.116262022787818609e+02
6.000000000000000000e+01	1.118451954020829362e+02
6.250000000000000000e+01	1.120820920436977559e+02
6.500000000000000000e+01	1.123167558794873173e+02
6.750000000000000000e+01	1.125487461054932083e+02
7.000000000000000000e+01	1.127811467098290876e+02
7.250000000000000000e+01	1.130071354785634270e+02
7.500000000000000000e+01	1.132435154744292447e+02
7.750000000000000000e+01	1.134869629575516825e+02
8.000000000000000000e+01	1.137159201625081124e+02
8.250000000000000000e+01	1.139511614602071745e+02
8.500000000000000000e+01	1.142032928943622636e+02
8.750000000000000000e+01	1.144522235394820058e+02
9.000000000000000000e+01	1.146860642991967723e+02
9.250000000000000000e+01	1.149337987459710746e+02
9.500000000000000000e+01	1.151701648481850526e+02
9.750000000000000000e+01	1.154025184171387508e+02
1.000000000000000000e+02	1.156718933585126479e+02
1.025000000000000000e+02	1.159177609911606055e+02
1.050000000000000000e+02	1.161577935289939347e+02
1.075000000000000000e+02	1.164179351557860969e+02
1.100000000000000000e+02	1.166899129716765913e+02
1.125000000000000000e+02	1.169612068471601134e+02
1.150000000000000000e+02	1.172156269104728779e+02
1.175000000000000000e+02	1.174714338675648833e+02
1.200000000000000000e+02	1.177287833331125029e+02
1.225000000000000000e+02	1.179872427889150686e+02
1.250000000000000000e+02	1.182466455395402392e+02
1.275000000000000000e+02	1.185067171614313537e+02
1.300000000000000000e+02	1.187668252773800646e+02
1.325000000000000000e+02	1.190222272640776850e+02
1.350000000000000000e+02	1.192783305882135778e+02
1.375000000000000000e+02	1.195362421197907139e+02
1.400000000000000000e+02	1.197889050115439176e+02
1.425000000000000000e+02	1.200446566020102210e+02
1.450000000000000000e+02	1.202991201631439395e+02
1.475000000000000000e+02	1.205453318720218334e+02
1.500000000000000000e+02	1.207819123050675927e+02
1.525000000000000000e+02	1.210025021695782357e+02
1.550000000000000000e+02	1.211965414749159038e+02
1.575000000000000000e+02	1.212858634458661413e+02
1.600000000000000000e+02	1.212233536569558794e+02
1.625000000000000000e+02	1.212493085859740631e+02
1.650000000000000000e+02	1.214010682176943590e+02
1.675000000000000000e+02	1.214377985631158623e+02
1.700000000000000000e+02	1.214136125178579562e+02
