-1.500000000000000000e+02	1.271613735875871498e+02
-1.475000000000000000e+02	1.268448509335779733e+02
-1.450000000000000000e+02	1.263836827629681494e+02
-1.425000000000000000e+02	1.260675433950315636e+02
-1.400000000000000000e+02	1.258217534231323214e+02
-1.375000000000000000e+02	1.260020333706915778e+02
-1.350000000000000000e+02	1.272740093126221836e+02
-1.325000000000000000e+02	1.356638372495957583e+02
-1.300000000000000000e+02	1.248856980043277645e+02
-1.275000000000000000e+02	1.130085555089054878e+02
-1.250000000000000000e+02	1.006136959341104102e+02
-1.225000000000000000e+02	9.789362509815774160e+01
-1.200000000000000000e+02	9.622622474762370359e+01
-1.175000000000000000e+02	9.478477759209842191e+01
-1.150000000000000000e+02	9.341861160922240970e+01
-1.125000000000000000e+02	9.224128051475597090e+01
-1.100000000000000000e+02	9.103799931465259476e+01
-1.075000000000000000e+02	8.976291777391131177e+01
-1.050000000000000000e+02	8.850919657972400501e+01
-1.025000000000000000e+02	8.723145875944669569e+01
-1.000000000000000000e+02	8.589583685903804167e+01
-9.750000000000000000e+01	8.456348808432176156e+01
-9.500000000000000000e+01	8.319856613379388932e+01
-9.250000000000000000e+01	8.177159655687299278e+01
-9.000000000000000000e+01	8.036413830776481859e+01
-8.750000000000000000e+01	7.889157702070018274e+01
-8.500000000000000000e+01	7.745578323182922986e+01
-8.250000000000000000e+01	7.597029410030710039e+01
-8.000000000000000000e+01	7.453400730270622887e+01
-7.750000000000000000e+01	7.311724786714272284e+01
-7.500000000000000000e+01	7.169867032246105509e+01
-7.250000000000000000e+01	7.038926939984239084e+01
-7.000000000000000000e+01	6.916626255249839517e+01
-6.750000000000000000e+01	6.802168256701939697e+01
-6.500000000000000000e+01	6.702217315509575712e+01
-6.250000000000000000e+01	6.609217018327370852e+01
-6.000000000000000000e+01	6.526375030902610774e+01
-5.750000000000000000e+01	6.446970394664825221e+01
-5.500000000000000000e+01	6.374568637421653250e+01
-5.250000000000000000e+01	6.305892235803127477e+01
-5.000000000000000000e+01	6.239400078709756059e+01
-4.750000000000000000e+01	6.179273196489214826e+01
-4.500000000000000000e+01	6.124259383387244782e+01
-4.250000000000000000e+01	6.074305375830501674e+01
-4.000000000000000000e+01	6.034064015348344867e+01
-3.750000000000000000e+01	6.004210406187479521e+01
-3.500000000000000000e+01	5.990668815150547033e+01
-3.250000000000000000e+01	5.995754188974646581e+01
-3.000000000000000000e+01	6.028678518923921104e+01
-2.750000000000000000e+01	6.102024414405052255e+01
-2.500000000000000000e+01	6.229857505004033413e+01
-2.250000000000000000e+01	6.399613474942022151e+01
-2.000000000000000000e+01	6.568772811489741059e+01
-1.750000000000000000e+01	6.739664533338648766e+01
-1.500000000000000000e+01	6.875120459805253859e+01
-1.250000000000000000e+01	6.986628527864820626e+01
-1.000000000000000000e+01	7.115159318380577247e+01
-7.500000000000000000e+00	7.278991246927533609e+01
-5.000000000000000000e+00	7.543033662102249082e+01
-2.500000000000000000e+00	7.906468834980228166e+01
0.000000000000000000e+00	8.298053831885754050e+01
2.500000000000000000e+00	8.589043650863946766e+01
5.000000000000000000e+00	9.123490791187367677e+01
7.500000000000000000e+00	1.040173717415120791e+02
1.000000000000000000e+01	1.085055641009695506e+02
1.250000000000000000e+01	1.119972367664316266e+02
1.500000000000000000e+01	1.116083547261852260e+02
1.750000000000000000e+01	1.119172363101016003e+02
2.000000000000000000e+01	1.119911288083726930e+02
2.250000000000000000e+01	1.124998406145812453e+02
2.500000000000000000e+01	1.129455285347498119e+02
2.750000000000000000e+01	1.130251860651327860e+02
3.000000000000000000e+01	1.136145539127893471e+02
3.250000000000000000e+01	1.139665059801772315e+02
3.500000000000000000e+01	1.139523311090207187e+02
3.750000000000000000e+01	1.140410943085666275e+02
4.000000000000000000e+01	1.142226878530551630e+02
4.250000000000000000e+01	1.144439809312115699e+02
4.500000000000000000e+01	1.146331594032596399e+02
4.750000000000000000e+01	1.148149711384673850e+02
5.000000000000000000e+01	1.150316857507491619e+02
5.250000000000000000e+01	1.152596927315930913e+02
5.500000000000000000e+01	1.155590772227126024e+02
5.750000000000000000e+01	1.158787271525482367e+02
6.000000000000000000e+01	1.164534970626897064e+02
6.250000000000000000e+01	1.171463525125164438e+02
6.500000000000000000e+01	1.173306925335361086e+02
6.750000000000000000e+01	1.177105214439995819e+02
7.000000000000000000e+01	1.183806988873885473e+02
7.250000000000000000e+01	1.186131463446629084e+02
7.500000000000000000e+01	1.185951647401482489e+02
7.750000000000000000e+01	1.191148474436138400e+02
8.000000000000000000e+01	1.196865973380501487e+02
8.250000000000000000e+01	1.199282919407062167e+02
8.500000000000000000e+01	1.203476959766901189e+02
8.750000000000000000e+01	1.207450155769758453e+02
9.000000000000000000e+01	1.209302005559453335e+02
9.250000000000000000e+01	1.211616056876872278e+02
9.500000000000000000e+01	1.219514589614022242e+02
9.750000000000000000e+01	1.225275245777916524e+02
1.000000000000000000e+02	1.224107570219015315e+02
1.025000000000000000e+02	1.229921097051894918e+02
1.050000000000000000e+02	1.236896263294682399e+02
1.075000000000000000e+02	1.240574716583970627e+02
1.100000000000000000e+02	1.248390328796880624e+02
1.125000000000000000e+02	1.252471005928663885e+02
1.150000000000000000e+02	1.254210719409186083e+02
1.175000000000000000e+02	1.262609797595145267e+02
1.200000000000000000e+02	1.269371656223242866e+02
1.225000000000000000e+02	1.272262690811491836e+02
1.250000000000000000e+02	1.281796709699692940e+02
1.275000000000000000e+02	1.288122829450700522e+02
1.300000000000000000e+02	1.296721417041893574e+02
1.325000000000000000e+02	1.306037059675944647e+02
1.350000000000000000e+02	1.312832739648781342e+02
1.375000000000000000e+02	1.322586051145755164e+02
1.400000000000000000e+02	1.332027713182434354e+02
1.425000000000000000e+02	1.342618091337905923e+02
1.450000000000000000e+02	1.353518016094452037e+02
1.475000000000000000e+02	1.364659782018036367e+02
1.500000000000000000e+02	1.372486470031434749e+02
1.525000000000000000e+02	1.359056724817076258e+02
1.550000000000000000e+02	1.289982839413550835e+02
1.575000000000000000e+02	1.225481544996699625e+02
1.600000000000000000e+02	1.212681438208228855e+02
1.625000000000000000e+02	1.212574419668660681e+02
1.650000000000000000e+02	1.214013036276868149e+02
1.675000000000000000e+02	1.214379313052117908e+02
1.700000000000000000e+02	1.214137032069247795e+02
