-1.500000000000000000e+02	6.212855161108438296e+01
-1.475000000000000000e+02	6.216083418211449896e+01
-1.450000000000000000e+02	6.223966225074617853e+01
-1.425000000000000000e+02	6.234805797451404885e+01
-1.400000000000000000e+02	6.265164957314295435e+01
-1.375000000000000000e+02	6.317123655022762563e+01
-1.350000000000000000e+02	6.443249880040607991e+01
-1.325000000000000000e+02	6.954446852733084938e+01
-1.300000000000000000e+02	6.441952428068857728e+01
-1.275000000000000000e+02	5.851368177205885956e+01
-1.250000000000000000e+02	5.241905225463132467e+01
-1.225000000000000000e+02	5.128256218643468856e+01
-1.200000000000000000e+02	5.070831316630486896e+01
-1.175000000000000000e+02	5.026832635325490628e+01
-1.150000000000000000e+02	4.986476766578908837e+01
-1.125000000000000000e+02	4.957947155571528697e+01
-1.100000000000000000e+02	4.927582166344970460e+01
-1.075000000000000000e+02	4.894903033837029227e+01
-1.050000000000000000e+02	4.862819473098191736e+01
-1.025000000000000000e+02	4.829737792712862188e+01
-1.000000000000000000e+02	4.795079638691285595e+01
-9.750000000000000000e+01	4.759828356427929918e+01
-9.500000000000000000e+01	4.723123520180577373e+01
-9.250000000000000000e+01	4.684590604097881794e+01
-9.000000000000000000e+01	4.646374812591630388e+01
-8.750000000000000000e+01	4.606426470012399932e+01
-8.500000000000000000e+01	4.567852186444945772e+01
-8.250000000000000000e+01	4.528619286185043080e+01
-8.000000000000000000e+01	4.491729421486659390e+01
-7.750000000000000000e+01	4.456846899236725079e+01
-7.500000000000000000e+01	4.424226923156140856e+01
-7.250000000000000000e+01	4.397330383973903167e+01
-7.000000000000000000e+01	4.376404330588157876e+01
-6.750000000000000000e+01	4.362546855444668381e+01
-6.500000000000000000e+01	4.356843161509471685e+01
-6.250000000000000000e+01	4.358193696498093317e+01
-6.000000000000000000e+01	4.365636433884365175e+01
-5.750000000000000000e+01	4.378924085629414265e+01
-5.500000000000000000e+01	4.396894184100271730e+01
-5.250000000000000000e+01	4.419727961502730551e+01
-5.000000000000000000e+01	4.448839758495538632e+01
-4.750000000000000000e+01	4.483182987568069677e+01
-4.500000000000000000e+01	4.524100797164094701e+01
-4.250000000000000000e+01	4.574900188059005046e+01
-4.000000000000000000e+01	4.634254181138052786e+01
-3.750000000000000000e+01	4.708661860392231091e+01
-3.500000000000000000e+01	4.798043612789746248e+01
-3.250000000000000000e+01	4.911216302768877995e+01
-3.000000000000000000e+01	5.050804105036966263e+01
-2.750000000000000000e+01	5.229690834322276771e+01
-2.500000000000000000e+01	5.456138041177176490e+01
-2.250000000000000000e+01	5.703423366583778176e+01
-2.000000000000000000e+01	5.937739848627312256e+01
-1.750000000000000000e+01	6.167887165459527665e+01
-1.500000000000000000e+01	6.349309190500670042e+01
-1.250000000000000000e+01	6.494530123429046853e+01
-1.000000000000000000e+01	6.654264267713105596e+01
-7.500000000000000000e+00	6.860444358310731161e+01
-5.000000000000000000e+00	7.168697862039464042e+01
-2.500000000000000000e+00	7.563468130975213910e+01
0.000000000000000000e+00	7.978222391285171966e+01
2.500000000000000000e+00	8.284310114045801754e+01
5.000000000000000000e+00	8.785563517550740187e+01
7.500000000000000000e+00	9.999500024150718502e+01
1.000000000000000000e+01	1.044865922592100844e+02
1.250000000000000000e+01	1.083526484583310747e+02
1.500000000000000000e+01	1.080038795989707125e+02
1.750000000000000000e+01	1.082133563949849275e+02
2.000000000000000000e+01	1.084141302964266060e+02
2.250000000000000000e+01	1.086190184615524714e+02
2.500000000000000000e+01	1.088134597107857928e+02
2.750000000000000000e+01	1.090202751957150724e+02
3.000000000000000000e+01	1.092365526409346188e+02
3.250000000000000000e+01	1.094669320154828682e+02
3.500000000000000000e+01	1.096930798233534858e+02
3.750000000000000000e+01	1.098902773838865983e+02
4.000000000000000000e+01	1.100904623133591116e+02
4.250000000000000000e+01	1.103081291904964019e+02
4.500000000000000000e+01	1.105354817431977636e+02
4.750000000000000000e+01	1.107485285104264392e+02
5.000000000000000000e+01	1.109505094418896647e+02
5.250000000000000000e+01	1.111894338341271435e+02
5.500000000000000000e+01	1.114202440798892724e+02
5.750000000000000000e+01	1.116277926201885862e+02
6.000000000000000000e+01	1.118467845556927500e+02
6.250000000000000000e+01	1.120836814073884540e+02
6.500000000000000000e+01	1.123183453947357719e+02
6.750000000000000000e+01	1.125503355944026254e+02
7.000000000000000000e+01	1.127827362954923416e+02
7.250000000000000000e+01	1.130087248077366411e+02
7.500000000000000000e+01	1.132451052785195458e+02
7.750000000000000000e+01	1.134885537389061341e+02
8.000000000000000000e+01	1.137175109251444383e+02
8.250000000000000000e+01	1.139527527146532719e+02
8.500000000000000000e+01	1.142048858755647558e+02
8.750000000000000000e+01	1.144538179153275479e+02
9.000000000000000000e+01	1.146876589359860219e+02
9.250000000000000000e+01	1.149353945593359327e+02
9.500000000000000000e+01	1.151717608650425575e+02
9.750000000000000000e+01	1.154041142008687331e+02
1.000000000000000000e+02	1.156734913787429235e+02
1.025000000000000000e+02	1.159193593933360660e+02
1.050000000000000000e+02	1.161593916651334126e+02
1.075000000000000000e+02	1.164195341981616849e+02
1.100000000000000000e+02	1.166915134094452355e+02
1.125000000000000000e+02	1.169628081855648105e+02
1.150000000000000000e+02	1.172172275081810966e+02
1.175000000000000000e+02	1.174730332732482339e+02
1.200000000000000000e+02	1.177303810052598720e+02
1.225000000000000000e+02	1.179888380802364338e+02
1.250000000000000000e+02	1.182482376114653562e+02
1.275000000000000000e+02	1.185083049571270237e+02
1.300000000000000000e+02	1.187684075018759700e+02
1.325000000000000000e+02	1.190238019346372909e+02
1.350000000000000000e+02	1.192798956874767669e+02
1.375000000000000000e+02	1.195377952614871191e+02
1.400000000000000000e+02	1.197904425557702268e+02
1.425000000000000000e+02	1.200461744452475301e+02
1.450000000000000000e+02	1.203006124635265763e+02
1.475000000000000000e+02	1.205467898529892921e+02
1.500000000000000000e+02	1.207833228816743087e+02
1.525000000000000000e+02	1.210038436969292945e+02
1.550000000000000000e+02	1.211977703230432724e+02
1.575000000000000000e+02	1.212868135919844264e+02
1.600000000000000000e+02	1.212237464836804293e+02
1.625000000000000000e+02	1.212493330777555940e+02
1.650000000000000000e+02	1.214010734555755562e+02
1.675000000000000000e+02	1.214378018403048145e+02
1.700000000000000000e+02	1.214136147730690425e+02
