-1.500000000000000000e+02	7.213037492717454313e+01
-1.475000000000000000e+02	7.210732100749153517e+01
-1.450000000000000000e+02	7.210026946539655057e+01
-1.425000000000000000e+02	7.214084486184175660e+01
-1.400000000000000000e+02	7.235586231907595334e+01
-1.375000000000000000e+02	7.281931341315143413e+01
-1.350000000000000000e+02	7.407648831492350894e+01
-1.325000000000000000e+02	7.968322210123437799e+01
-1.300000000000000000e+02	7.368654345940261408e+01
-1.275000000000000000e+02	6.686130114859489026e+01
-1.250000000000000000e+02	5.979279779031823949e+01
-1.225000000000000000e+02	5.840563970789575166e+01
-1.200000000000000000e+02	5.765427745927497938e+01
-1.175000000000000000e+02	5.704908338274864121e+01
-1.150000000000000000e+02	5.648455763438028754e+01
-1.125000000000000000e+02	5.604621606866477634e+01
-1.100000000000000000e+02	5.558610230339061786e+01
-1.075000000000000000e+02	5.509163583424874133e+01
-1.050000000000000000e+02	5.460267438764292081e+01
-1.025000000000000000e+02	5.409807759439967612e+01
-1.000000000000000000e+02	5.356620135521863801e+01
-9.750000000000000000e+01	5.302657704132264627e+01
-9.500000000000000000e+01	5.246546339309689699e+01
-9.250000000000000000e+01	5.187355486439673768e+01
-9.000000000000000000e+01	5.128438937852176593e+01
-8.750000000000000000e+01	5.066474800917012544e+01
-8.500000000000000000e+01	5.006040870521532327e+01
-8.250000000000000000e+01	4.943756643629335201e+01
-8.000000000000000000e+01	4.884102617449122619e+01
-7.750000000000000000e+01	4.826202472815471367e+01
-7.500000000000000000e+01	4.769750293796571583e+01
-7.250000000000000000e+01	4.719802405219689945e+01
-7.000000000000000000e+01	4.675987615742120340e+01
-6.750000000000000000e+01	4.638868468059045824e+01
-6.500000000000000000e+01	4.610808870032449391e+01
-6.250000000000000000e+01	4.589238613887335561e+01
-6.000000000000000000e+01	4.574270615259652573e+01
-5.750000000000000000e+01	4.564095374249519921e+01
-5.500000000000000000e+01	4.558770333467425218e+01
-5.250000000000000000e+01	4.557622954062935605e+01
-5.000000000000000000e+01	4.561259088736886724e+01
-4.750000000000000000e+01	4.570046286613250430e+01
-4.500000000000000000e+01	4.584762117244678592e+01
-4.250000000000000000e+01	4.608233962792233029e+01
-4.000000000000000000e+01	4.641903610846165407e+01
-3.750000000000000000e+01	4.692898555034544472e+01
-3.500000000000000000e+01	4.765535542868774854e+01
-3.250000000000000000e+01	4.869204346581172871e+01
-3.000000000000000000e+01	5.002477264484374331e+01
-2.750000000000000000e+01	5.183688066720657872e+01
-2.500000000000000000e+01	5.409873850555251096e+01
-2.250000000000000000e+01	5.645410876241436426e+01
-2.000000000000000000e+01	5.885503788621169008e+01
-1.750000000000000000e+01	6.083592977557854198e+01
-1.500000000000000000e+01	6.274780061740064951e+01
-1.250000000000000000e+01	6.421373365877118999e+01
-1.000000000000000000e+01	6.580694644356420042e+01
-7.500000000000000000e+00	6.823576801197039288e+01
-5.000000000000000000e+00	7.111164921631700508e+01
-2.500000000000000000e+00	7.574692658913063781e+01
0.000000000000000000e+00	8.027809594304150664e+01
2.500000000000000000e+00	8.348424654374039733e+01
5.000000000000000000e+00	9.009355426156056978e+01
7.500000000000000000e+00	1.041724138540539570e+02
1.000000000000000000e+01	1.090973761476689532e+02
1.250000000000000000e+01	1.131010170514736473e+02
1.500000000000000000e+01	1.128003792681190873e+02
1.750000000000000000e+01	1.131276615903122860e+02
2.000000000000000000e+01	1.134101737117499624e+02
2.250000000000000000e+01	1.136747656972679721e+02
2.500000000000000000e+01	1.139624158761624670e+02
2.750000000000000000e+01	1.142802889536713025e+02
3.000000000000000000e+01	1.144988870602973776e+02
3.250000000000000000e+01	1.146814808730715640e+02
3.500000000000000000e+01	1.149451430611145071e+02
3.750000000000000000e+01	1.151631906806508709e+02
4.000000000000000000e+01	1.153673098771843257e+02
4.250000000000000000e+01	1.156270818353173979e+02
4.500000000000000000e+01	1.159240213638551182e+02
4.750000000000000000e+01	1.161889640099081191e+02
5.000000000000000000e+01	1.166805199430376376e+02
5.250000000000000000e+01	1.172681400731596852e+02
5.500000000000000000e+01	1.176676138570405215e+02
5.750000000000000000e+01	1.180419170705896050e+02
6.000000000000000000e+01	1.183647938116520919e+02
6.250000000000000000e+01	1.186190728790635944e+02
6.500000000000000000e+01	1.187997860236650354e+02
6.750000000000000000e+01	1.190513397068270791e+02
7.000000000000000000e+01	1.194721931385033287e+02
7.250000000000000000e+01	1.199780444485316764e+02
7.500000000000000000e+01	1.205216351216934498e+02
7.750000000000000000e+01	1.210041601372906541e+02
8.000000000000000000e+01	1.212741294130918277e+02
8.250000000000000000e+01	1.215398649738051802e+02
8.500000000000000000e+01	1.220352334309360032e+02
8.750000000000000000e+01	1.225164482728073381e+02
9.000000000000000000e+01	1.228813208467982605e+02
9.250000000000000000e+01	1.233276173162926170e+02
9.500000000000000000e+01	1.239014064179022370e+02
9.750000000000000000e+01	1.244540243823118004e+02
1.000000000000000000e+02	1.249087809388448420e+02
1.025000000000000000e+02	1.253868701992653598e+02
1.050000000000000000e+02	1.259491179717169302e+02
1.075000000000000000e+02	1.265519990083150645e+02
1.100000000000000000e+02	1.270007700529196768e+02
1.125000000000000000e+02	1.274554930404519979e+02
1.150000000000000000e+02	1.280809600697295991e+02
1.175000000000000000e+02	1.286298404408864826e+02
1.200000000000000000e+02	1.292688745704596727e+02
1.225000000000000000e+02	1.301771730381935015e+02
1.250000000000000000e+02	1.309880708266584577e+02
1.275000000000000000e+02	1.315881512642313851e+02
1.300000000000000000e+02	1.321954923618756084e+02
1.325000000000000000e+02	1.328564009645099873e+02
1.350000000000000000e+02	1.335737824053275915e+02
1.375000000000000000e+02	1.342601240359627468e+02
1.400000000000000000e+02	1.349336051118558260e+02
1.425000000000000000e+02	1.357798660096100036e+02
1.450000000000000000e+02	1.369087958943154604e+02
1.475000000000000000e+02	1.381041831576875438e+02
1.500000000000000000e+02	1.387540894225957118e+02
1.525000000000000000e+02	1.395038095018041986e+02
1.550000000000000000e+02	1.383780282691300840e+02
1.575000000000000000e+02	1.297860677255342239e+02
1.600000000000000000e+02	1.220715027245514221e+02
1.625000000000000000e+02	1.212589601114791975e+02
1.650000000000000000e+02	1.214013529532570601e+02
1.675000000000000000e+02	1.214379603207356269e+02
1.700000000000000000e+02	1.214137231260135792e+02
