-1.500000000000000000e+02	9.214719534669724510e+01
-1.475000000000000000e+02	9.201753818573793353e+01
-1.450000000000000000e+02	9.184593408398750114e+01
-1.425000000000000000e+02	9.175762779829652516e+01
-1.400000000000000000e+02	9.180680757494008049e+01
-1.375000000000000000e+02	9.216920787072824339e+01
-1.350000000000000000e+02	9.343474906109683786e+01
-1.325000000000000000e+02	1.000585204183060029e+02
-1.300000000000000000e+02	9.232380397200147115e+01
-1.275000000000000000e+02	8.366130087993340680e+01
-1.250000000000000000e+02	7.465717637620642222e+01
-1.225000000000000000e+02	7.278847029901261578e+01
-1.200000000000000000e+02	7.170861582386922350e+01
-1.175000000000000000e+02	7.080579428517295071e+01
-1.150000000000000000e+02	6.995789512752934058e+01
-1.125000000000000000e+02	6.926126585811238101e+01
-1.100000000000000000e+02	6.854317880672557806e+01
-1.075000000000000000e+02	6.777998246892178713e+01
-1.050000000000000000e+02	6.703034636558224690e+01
-1.025000000000000000e+02	6.626483470846913804e+01
-1.000000000000000000e+02	6.546491719651625374e+01
-9.750000000000000000e+01	6.466402614423468265e+01
-9.500000000000000000e+01	6.384114052624700975e+01
-9.250000000000000000e+01	6.298093706818536219e+01
-9.000000000000000000e+01	6.213233014708189472e+01
-8.750000000000000000e+01	6.124564747156826883e+01
-8.500000000000000000e+01	6.038403760016478827e+01
-8.250000000000000000e+01	5.949702814391929451e+01
-8.000000000000000000e+01	5.864552779866780696e+01
-7.750000000000000000e+01	5.781397943124360239e+01
-7.500000000000000000e+01	5.699398560049910856e+01
-7.250000000000000000e+01	5.625489195887243454e+01
-7.000000000000000000e+01	5.558840418214995083e+01
-6.750000000000000000e+01	5.499802845520724759e+01
-6.500000000000000000e+01	5.452038982227449537e+01
-6.250000000000000000e+01	5.411557673099198951e+01
-6.000000000000000000e+01	5.379185770395108790e+01
-5.750000000000000000e+01	5.351745253794710777e+01
-5.500000000000000000e+01	5.330094773369947347e+01
-5.250000000000000000e+01	5.312867275525432120e+01
-5.000000000000000000e+01	5.300185843084939563e+01
-4.750000000000000000e+01	5.293302800948852394e+01
-4.500000000000000000e+01	5.292447517975833904e+01
-4.250000000000000000e+01	5.299512279010822624e+01
-4.000000000000000000e+01	5.315825980422608410e+01
-3.750000000000000000e+01	5.345479557943001936e+01
-3.500000000000000000e+01	5.391152863508099102e+01
-3.250000000000000000e+01	5.459208397714841965e+01
-3.000000000000000000e+01	5.555521746276650674e+01
-2.750000000000000000e+01	5.692768570679815809e+01
-2.500000000000000000e+01	5.878165967024094840e+01
-2.250000000000000000e+01	6.087512306096292747e+01
-2.000000000000000000e+01	6.285265898900834713e+01
-1.750000000000000000e+01	6.480690304830247328e+01
-1.500000000000000000e+01	6.630572766244989680e+01
-1.250000000000000000e+01	6.744080030972007478e+01
-1.000000000000000000e+01	6.873937450963384777e+01
-7.500000000000000000e+00	7.048994631215305162e+01
-5.000000000000000000e+00	7.328198029044509099e+01
-2.500000000000000000e+00	7.695357062364571732e+01
0.000000000000000000e+00	8.083723731830956183e+01
2.500000000000000000e+00	8.365854756527558322e+01
5.000000000000000000e+00	8.838757179461464375e+01
7.500000000000000000e+00	1.001829822002245862e+02
1.000000000000000000e+01	1.045684294678440267e+02
1.250000000000000000e+01	1.083476149380425539e+02
1.500000000000000000e+01	1.079987315748904990e+02
1.750000000000000000e+01	1.082082282850065695e+02
2.000000000000000000e+01	1.084090228592888536e+02
2.250000000000000000e+01	1.086139295059228118e+02
2.500000000000000000e+01	1.088083905436358094e+02
2.750000000000000000e+01	1.090152215974381988e+02
3.000000000000000000e+01	1.092315111594539871e+02
3.250000000000000000e+01	1.094618984139148665e+02
3.500000000000000000e+01	1.096880544623225830e+02
3.750000000000000000e+01	1.098852664271063873e+02
4.000000000000000000e+01	1.100854642451134140e+02
4.250000000000000000e+01	1.103031388425635981e+02
4.500000000000000000e+01	1.105304961529414101e+02
4.750000000000000000e+01	1.107435505770264399e+02
5.000000000000000000e+01	1.109455408502858660e+02
5.250000000000000000e+01	1.111844668628581019e+02
5.500000000000000000e+01	1.114152791848515704e+02
5.750000000000000000e+01	1.116228354793160378e+02
6.000000000000000000e+01	1.118418312116851325e+02
6.250000000000000000e+01	1.120787274969979848e+02
6.500000000000000000e+01	1.123133910940435101e+02
6.750000000000000000e+01	1.125453814520057847e+02
7.000000000000000000e+01	1.127777819223362741e+02
7.250000000000000000e+01	1.130037712997661004e+02
7.500000000000000000e+01	1.132401503516811374e+02
7.750000000000000000e+01	1.134835958231872581e+02
8.000000000000000000e+01	1.137125531204044790e+02
8.250000000000000000e+01	1.139477934264080119e+02
8.500000000000000000e+01	1.141999212519149296e+02
8.750000000000000000e+01	1.144488489878086881e+02
9.000000000000000000e+01	1.146826892346360154e+02
9.250000000000000000e+01	1.149304212279828619e+02
9.500000000000000000e+01	1.151667869332928547e+02
9.750000000000000000e+01	1.153991410270835871e+02
1.000000000000000000e+02	1.156685112646457156e+02
1.025000000000000000e+02	1.159143781159755378e+02
1.050000000000000000e+02	1.161544112419626487e+02
1.075000000000000000e+02	1.164145509743574962e+02
1.100000000000000000e+02	1.166865258590392074e+02
1.125000000000000000e+02	1.169578178487142281e+02
1.150000000000000000e+02	1.172122394980648465e+02
1.175000000000000000e+02	1.174680489949443114e+02
1.200000000000000000e+02	1.177254021450096246e+02
1.225000000000000000e+02	1.179838666538956886e+02
1.250000000000000000e+02	1.182432762311043888e+02
1.275000000000000000e+02	1.185033569150266288e+02
1.300000000000000000e+02	1.187634768322857042e+02
1.325000000000000000e+02	1.190188948151004666e+02
1.350000000000000000e+02	1.192750184035810292e+02
1.375000000000000000e+02	1.195329552483243987e+02
1.400000000000000000e+02	1.197856511548965557e+02
1.425000000000000000e+02	1.200414444429193850e+02
1.450000000000000000e+02	1.202959620629598589e+02
1.475000000000000000e+02	1.205422464022762199e+02
1.500000000000000000e+02	1.207789271543447853e+02
1.525000000000000000e+02	1.209996631404931264e+02
1.550000000000000000e+02	1.211939408941288292e+02
1.575000000000000000e+02	1.212838526513822188e+02
1.600000000000000000e+02	1.212225222738321264e+02
1.625000000000000000e+02	1.212492566898039001e+02
1.650000000000000000e+02	1.214010570775556914e+02
1.675000000000000000e+02	1.214377915904874925e+02
1.700000000000000000e+02	1.214136077190777030e+02
