-1.500000000000000000e+02	6.209288707604564905e+01
-1.475000000000000000e+02	6.211826521381515676e+01
-1.450000000000000000e+02	6.218549429086292690e+01
-1.425000000000000000e+02	6.228360754357593976e+01
-1.400000000000000000e+02	6.257095770095450860e+01
-1.375000000000000000e+02	6.307530987197237238e+01
-1.350000000000000000e+02	6.431514053949351251e+01
-1.325000000000000000e+02	6.939176660255974127e+01
-1.300000000000000000e+02	6.426365001903842256e+01
-1.275000000000000000e+02	5.836007686968950026e+01
-1.250000000000000000e+02	5.225738870359865018e+01
-1.225000000000000000e+02	5.110225116948429047e+01
-1.200000000000000000e+02	5.050388674601404659e+01
-1.175000000000000000e+02	5.003403284450506305e+01
-1.150000000000000000e+02	4.959652079326946250e+01
-1.125000000000000000e+02	4.927053344598699169e+01
-1.100000000000000000e+02	4.892195289400927294e+01
-1.075000000000000000e+02	4.854289590987476544e+01
-1.050000000000000000e+02	4.816514531028677482e+01
-1.025000000000000000e+02	4.777156106562021165e+01
-1.000000000000000000e+02	4.735358649824659949e+01
-9.750000000000000000e+01	4.692542768230202910e+01
-9.500000000000000000e+01	4.647671329532997220e+01
-9.250000000000000000e+01	4.600089715334016205e+01
-9.000000000000000000e+01	4.552514861144551617e+01
-8.750000000000000000e+01	4.502351721322212086e+01
-8.500000000000000000e+01	4.453408580634494029e+01
-8.250000000000000000e+01	4.403043053494521786e+01
-8.000000000000000000e+01	4.354982230680430888e+01
-7.750000000000000000e+01	4.308606088656183175e+01
-7.500000000000000000e+01	4.263771566576982508e+01
-7.250000000000000000e+01	4.224543789446958897e+01
-7.000000000000000000e+01	4.190588849997042331e+01
-6.750000000000000000e+01	4.162316479705025785e+01
-6.500000000000000000e+01	4.141425999405405634e+01
-6.250000000000000000e+01	4.125901984373473397e+01
-6.000000000000000000e+01	4.115788011501479104e+01
-5.750000000000000000e+01	4.109918680158425275e+01
-5.500000000000000000e+01	4.108495981377176776e+01
-5.250000000000000000e+01	4.111443504544927663e+01
-5.000000000000000000e+01	4.120112375417972572e+01
-4.750000000000000000e+01	4.135418437411675541e+01
-4.500000000000000000e+01	4.159132601176268906e+01
-4.250000000000000000e+01	4.195550971465716117e+01
-4.000000000000000000e+01	4.245791324097120167e+01
-3.750000000000000000e+01	4.317350385238783161e+01
-3.500000000000000000e+01	4.411975477517144384e+01
-3.250000000000000000e+01	4.541561196286398427e+01
-3.000000000000000000e+01	4.710395979460559346e+01
-2.750000000000000000e+01	4.932453227686232111e+01
-2.500000000000000000e+01	5.218725195449231791e+01
-2.250000000000000000e+01	5.538931913695090969e+01
-2.000000000000000000e+01	5.860588212047086643e+01
-1.750000000000000000e+01	6.195783354148541378e+01
-1.500000000000000000e+01	6.498229300953920529e+01
-1.250000000000000000e+01	6.801348019280146673e+01
-1.000000000000000000e+01	7.151623758721824231e+01
-7.500000000000000000e+00	7.591675391741365786e+01
-5.000000000000000000e+00	8.155579951904553582e+01
-2.500000000000000000e+00	8.799633710622488536e+01
0.000000000000000000e+00	9.457564641119840587e+01
2.500000000000000000e+00	1.000559031831002130e+02
5.000000000000000000e+00	1.083236315750438337e+02
7.500000000000000000e+00	1.233560969981126760e+02
1.000000000000000000e+01	1.277851067695674914e+02
1.250000000000000000e+01	1.275955760285271339e+02
1.500000000000000000e+01	1.217978174818730821e+02
1.750000000000000000e+01	1.172274573401597877e+02
2.000000000000000000e+01	1.138178434410546345e+02
2.250000000000000000e+01	1.126545468552704534e+02
2.500000000000000000e+01	1.130770653782354032e+02
2.750000000000000000e+01	1.136114760142761924e+02
3.000000000000000000e+01	1.137931454079157447e+02
3.250000000000000000e+01	1.140317601653965056e+02
3.500000000000000000e+01	1.143743585997894883e+02
3.750000000000000000e+01	1.146962448030230775e+02
4.000000000000000000e+01	1.149772977945197283e+02
4.250000000000000000e+01	1.152716124406183553e+02
4.500000000000000000e+01	1.154107872688551595e+02
4.750000000000000000e+01	1.155571293022671000e+02
5.000000000000000000e+01	1.160063115972985770e+02
5.250000000000000000e+01	1.165462745813415779e+02
5.500000000000000000e+01	1.168355869234282665e+02
5.750000000000000000e+01	1.170101682572299069e+02
6.000000000000000000e+01	1.172364509286479546e+02
6.250000000000000000e+01	1.174773014392267072e+02
6.500000000000000000e+01	1.178507161512422385e+02
6.750000000000000000e+01	1.183013985568817077e+02
7.000000000000000000e+01	1.187378847157651194e+02
7.250000000000000000e+01	1.190521772214194414e+02
7.500000000000000000e+01	1.193825910677653468e+02
7.750000000000000000e+01	1.196425796897068494e+02
8.000000000000000000e+01	1.197584916254423604e+02
8.250000000000000000e+01	1.201056139359313306e+02
8.500000000000000000e+01	1.206774760091042822e+02
8.750000000000000000e+01	1.211493566724338962e+02
9.000000000000000000e+01	1.216674613757277825e+02
9.250000000000000000e+01	1.223509610425884659e+02
9.500000000000000000e+01	1.226625458429335254e+02
9.750000000000000000e+01	1.229290769468541527e+02
1.000000000000000000e+02	1.235224179689959385e+02
1.025000000000000000e+02	1.239174789795265355e+02
1.050000000000000000e+02	1.242515866409317766e+02
1.075000000000000000e+02	1.247417789432373638e+02
1.100000000000000000e+02	1.251664836937536478e+02
1.125000000000000000e+02	1.257302977329858749e+02
1.150000000000000000e+02	1.263896671747018559e+02
1.175000000000000000e+02	1.269714336920279862e+02
1.200000000000000000e+02	1.275860576172743635e+02
1.225000000000000000e+02	1.281777498226834382e+02
1.250000000000000000e+02	1.288536735474072259e+02
1.275000000000000000e+02	1.296090733890900140e+02
1.300000000000000000e+02	1.304316808769838758e+02
1.325000000000000000e+02	1.313352131284267443e+02
1.350000000000000000e+02	1.321352200278666658e+02
1.375000000000000000e+02	1.330970398424605321e+02
1.400000000000000000e+02	1.342104250665962866e+02
1.425000000000000000e+02	1.353030483504049357e+02
1.450000000000000000e+02	1.366416563115380427e+02
1.475000000000000000e+02	1.379580967884646157e+02
1.500000000000000000e+02	1.388596518294740463e+02
1.525000000000000000e+02	1.396288753928307642e+02
1.550000000000000000e+02	1.383766002328868296e+02
1.575000000000000000e+02	1.298096090725155705e+02
1.600000000000000000e+02	1.220456749963247205e+02
1.625000000000000000e+02	1.212585931706937288e+02
1.650000000000000000e+02	1.214013170329185840e+02
1.675000000000000000e+02	1.214379387065182527e+02
1.700000000000000000e+02	1.214137084316622861e+02
