-1.500000000000000000e+02	7.129162203257217811e+01
-1.475000000000000000e+02	7.120477184018930927e+01
-1.450000000000000000e+02	7.109117294821193411e+01
-1.425000000000000000e+02	7.103855110182679766e+01
-1.400000000000000000e+02	7.110891972620113677e+01
-1.375000000000000000e+02	7.143887338897347661e+01
-1.350000000000000000e+02	7.250980518556480092e+01
-1.325000000000000000e+02	7.778920289769395424e+01
-1.300000000000000000e+02	7.182052982556447773e+01
-1.275000000000000000e+02	6.507501434595285161e+01
-1.250000000000000000e+02	5.801892698954537764e+01
-1.225000000000000000e+02	5.652557052679005523e+01
-1.200000000000000000e+02	5.563754900541543691e+01
-1.175000000000000000e+02	5.487406039322087992e+01
-1.150000000000000000e+02	5.414348106413315520e+01
-1.125000000000000000e+02	5.351959207021920406e+01
-1.100000000000000000e+02	5.287238767587049182e+01
-1.075000000000000000e+02	5.218055907779923785e+01
-1.050000000000000000e+02	5.149800781298010577e+01
-1.025000000000000000e+02	5.080212258962158245e+01
-1.000000000000000000e+02	5.007851336635506811e+01
-9.750000000000000000e+01	4.936296364964263717e+01
-9.500000000000000000e+01	4.863966617167434947e+01
-9.250000000000000000e+01	4.789895177116075331e+01
-9.000000000000000000e+01	4.718730575952078254e+01
-8.750000000000000000e+01	4.646642200234265374e+01
-8.500000000000000000e+01	4.579106298615751314e+01
-8.250000000000000000e+01	4.512606622911267351e+01
-8.000000000000000000e+01	4.452079964061899631e+01
-7.750000000000000000e+01	4.396583682312912345e+01
-7.500000000000000000e+01	4.346280427502271948e+01
-7.250000000000000000e+01	4.305980274300150512e+01
-7.000000000000000000e+01	4.275371481269529284e+01
-6.750000000000000000e+01	4.255679849531181702e+01
-6.500000000000000000e+01	4.248365156777381202e+01
-6.250000000000000000e+01	4.252239157684704196e+01
-6.000000000000000000e+01	4.266423826183356738e+01
-5.750000000000000000e+01	4.291474804459573988e+01
-5.500000000000000000e+01	4.325893506677136457e+01
-5.250000000000000000e+01	4.370332754041461243e+01
-5.000000000000000000e+01	4.427909745102596872e+01
-4.750000000000000000e+01	4.497657161581796004e+01
-4.500000000000000000e+01	4.583710957582922418e+01
-4.250000000000000000e+01	4.693986014359575876e+01
-4.000000000000000000e+01	4.824734574284449451e+01
-3.750000000000000000e+01	4.987381825906463462e+01
-3.500000000000000000e+01	5.178695191291038924e+01
-3.250000000000000000e+01	5.417329411349390966e+01
-3.000000000000000000e+01	5.704411777645458415e+01
-2.750000000000000000e+01	6.063014742544133640e+01
-2.500000000000000000e+01	6.518435809541817605e+01
-2.250000000000000000e+01	7.024639066102268714e+01
-2.000000000000000000e+01	7.524549125200996968e+01
-1.750000000000000000e+01	8.020454609600496099e+01
-1.500000000000000000e+01	8.447224405874754893e+01
-1.250000000000000000e+01	8.857946311075603774e+01
-1.000000000000000000e+01	9.322900305382904662e+01
-7.500000000000000000e+00	9.910667507404488674e+01
-5.000000000000000000e+00	1.067083264736320984e+02
-2.500000000000000000e+00	1.153967244668186964e+02
0.000000000000000000e+00	1.242377350612487135e+02
2.500000000000000000e+00	1.315301131038543474e+02
5.000000000000000000e+00	1.426864453667804753e+02
7.500000000000000000e+00	1.635209929597041025e+02
1.000000000000000000e+01	1.698651270449713024e+02
1.250000000000000000e+01	1.706973483106597200e+02
1.500000000000000000e+01	1.639287187769911611e+02
1.750000000000000000e+01	1.584995523001402660e+02
2.000000000000000000e+01	1.528486205591509588e+02
2.250000000000000000e+01	1.475112430154448759e+02
2.500000000000000000e+01	1.425695972191245460e+02
2.750000000000000000e+01	1.375717652367789867e+02
3.000000000000000000e+01	1.326454756990261217e+02
3.250000000000000000e+01	1.278522333193059097e+02
3.500000000000000000e+01	1.231843583564063351e+02
3.750000000000000000e+01	1.186937057767441956e+02
4.000000000000000000e+01	1.157392753164960197e+02
4.250000000000000000e+01	1.152053784069647975e+02
4.500000000000000000e+01	1.155018476648767631e+02
4.750000000000000000e+01	1.157022653572909974e+02
5.000000000000000000e+01	1.160062374551797859e+02
5.250000000000000000e+01	1.163604602976620868e+02
5.500000000000000000e+01	1.166983770985734026e+02
5.750000000000000000e+01	1.169496015335694779e+02
6.000000000000000000e+01	1.172236733161029747e+02
6.250000000000000000e+01	1.176044412344827066e+02
6.500000000000000000e+01	1.180340825323644225e+02
6.750000000000000000e+01	1.184290310166659168e+02
7.000000000000000000e+01	1.186754088888901606e+02
7.250000000000000000e+01	1.188226979391840388e+02
7.500000000000000000e+01	1.191775573015817855e+02
7.750000000000000000e+01	1.196291419563911376e+02
8.000000000000000000e+01	1.200609099861566875e+02
8.250000000000000000e+01	1.204738850947451283e+02
8.500000000000000000e+01	1.208480333881179263e+02
8.750000000000000000e+01	1.212746152617596493e+02
9.000000000000000000e+01	1.217248425655856465e+02
9.250000000000000000e+01	1.221703830889933897e+02
9.500000000000000000e+01	1.224490064017957707e+02
9.750000000000000000e+01	1.228959628003547664e+02
1.000000000000000000e+02	1.234665273250081157e+02
1.025000000000000000e+02	1.238109805610534266e+02
1.050000000000000000e+02	1.241339522607354553e+02
1.075000000000000000e+02	1.245437305022622922e+02
1.100000000000000000e+02	1.250585138888913690e+02
1.125000000000000000e+02	1.256917597858059565e+02
1.150000000000000000e+02	1.264261058688337869e+02
1.175000000000000000e+02	1.270580709754913897e+02
1.200000000000000000e+02	1.274859767175622807e+02
1.225000000000000000e+02	1.280499477440500584e+02
1.250000000000000000e+02	1.289137267693961917e+02
1.275000000000000000e+02	1.297086448886385881e+02
1.300000000000000000e+02	1.304534823876690552e+02
1.325000000000000000e+02	1.313240600615982885e+02
1.350000000000000000e+02	1.322606526495762864e+02
1.375000000000000000e+02	1.330534358371802455e+02
1.400000000000000000e+02	1.340679527724982734e+02
1.425000000000000000e+02	1.354262505910039351e+02
1.450000000000000000e+02	1.366521821412946736e+02
1.475000000000000000e+02	1.377669015813407896e+02
1.500000000000000000e+02	1.386437868888673961e+02
1.525000000000000000e+02	1.394857486729814866e+02
1.550000000000000000e+02	1.383994426521690286e+02
1.575000000000000000e+02	1.298272014518902324e+02
1.600000000000000000e+02	1.220026774562585956e+02
1.625000000000000000e+02	1.212577943892347889e+02
1.650000000000000000e+02	1.214012219516095996e+02
1.675000000000000000e+02	1.214378808314077673e+02
1.700000000000000000e+02	1.214136690268346825e+02
