-1.500000000000000000e+02	5.212204977041634635e+01
-1.475000000000000000e+02	5.220832543114346436e+01
-1.450000000000000000e+02	5.237065007756535095e+01
-1.425000000000000000e+02	5.254462821073563816e+01
-1.400000000000000000e+02	5.293304642637963298e+01
-1.375000000000000000e+02	5.350505145813814778e+01
-1.350000000000000000e+02	5.476492351546809090e+01
-1.325000000000000000e+02	5.937303146049377744e+01
-1.300000000000000000e+02	5.511812565060713354e+01
-1.275000000000000000e+02	5.013134457156446189e+01
-1.250000000000000000e+02	4.500697342561633008e+01
-1.225000000000000000e+02	4.411489732032624289e+01
-1.200000000000000000e+02	4.370948891227044442e+01
-1.175000000000000000e+02	4.342400613002419618e+01
-1.150000000000000000e+02	4.316868008670520140e+01
-1.125000000000000000e+02	4.302056132437292746e+01
-1.100000000000000000e+02	4.285509401083402281e+01
-1.075000000000000000e+02	4.267379250883262642e+01
-1.050000000000000000e+02	4.249589766741253527e+01
-1.025000000000000000e+02	4.230997416152223423e+01
-1.000000000000000000e+02	4.211448855091649790e+01
-9.750000000000000000e+01	4.191140988621905450e+01
-9.500000000000000000e+01	4.169627384909124146e+01
-9.250000000000000000e+01	4.146919444569630286e+01
-9.000000000000000000e+01	4.124247285334292457e+01
-8.750000000000000000e+01	4.100533588257093243e+01
-8.500000000000000000e+01	4.077816015297739227e+01
-8.250000000000000000e+01	4.055066498502861805e+01
-8.000000000000000000e+01	4.034257403600973646e+01
-7.750000000000000000e+01	4.015459577700971039e+01
-7.500000000000000000e+01	3.999292937975648954e+01
-7.250000000000000000e+01	3.988060620897665132e+01
-7.000000000000000000e+01	3.982367949751216685e+01
-6.750000000000000000e+01	3.983561496854267858e+01
-6.500000000000000000e+01	3.991867589475458544e+01
-6.250000000000000000e+01	4.007149767945206520e+01
-6.000000000000000000e+01	4.027850084243468132e+01
-5.750000000000000000e+01	4.054696683151733794e+01
-5.500000000000000000e+01	4.085853457136006028e+01
-5.250000000000000000e+01	4.122016115445540407e+01
-5.000000000000000000e+01	4.165026527141500878e+01
-4.750000000000000000e+01	4.213071168691057977e+01
-4.500000000000000000e+01	4.267861190934679883e+01
-4.250000000000000000e+01	4.333169199157448048e+01
-4.000000000000000000e+01	4.406784828511663932e+01
-3.750000000000000000e+01	4.496007125561931161e+01
-3.500000000000000000e+01	4.599858814663599560e+01
-3.250000000000000000e+01	4.728035151912399670e+01
-3.000000000000000000e+01	4.882268252361122762e+01
-2.750000000000000000e+01	5.075761037069995041e+01
-2.500000000000000000e+01	5.316933923387161087e+01
-2.250000000000000000e+01	5.577244872857130531e+01
-2.000000000000000000e+01	5.823176837351702773e+01
-1.750000000000000000e+01	6.063740226635700026e+01
-1.500000000000000000e+01	6.254934707203875632e+01
-1.250000000000000000e+01	6.410911769058104426e+01
-1.000000000000000000e+01	6.580969356608187582e+01
-7.500000000000000000e+00	6.797568122714055505e+01
-5.000000000000000000e+00	7.115504370927124000e+01
-2.500000000000000000e+00	7.519477987699221444e+01
0.000000000000000000e+00	7.943028724107828964e+01
2.500000000000000000e+00	8.257104345837612414e+01
5.000000000000000000e+00	8.767812221067356404e+01
7.500000000000000000e+00	9.993217506375398784e+01
1.000000000000000000e+01	1.044591586020993645e+02
1.250000000000000000e+01	1.083541847717018811e+02
1.500000000000000000e+01	1.080054592732020069e+02
1.750000000000000000e+01	1.082149309680914513e+02
2.000000000000000000e+01	1.084156994567767498e+02
2.250000000000000000e+01	1.086205828159618960e+02
2.500000000000000000e+01	1.088150187906648938e+02
2.750000000000000000e+01	1.090218302449887773e+02
3.000000000000000000e+01	1.092381046713981050e+02
3.250000000000000000e+01	1.094684822872578138e+02
3.500000000000000000e+01	1.096946281752441905e+02
3.750000000000000000e+01	1.098918218632829706e+02
4.000000000000000000e+01	1.100920033485076033e+02
4.250000000000000000e+01	1.103096683415561756e+02
4.500000000000000000e+01	1.105370198912243040e+02
4.750000000000000000e+01	1.107500647250126917e+02
5.000000000000000000e+01	1.109520431700253909e+02
5.250000000000000000e+01	1.111909674445216609e+02
5.500000000000000000e+01	1.114217773967700538e+02
5.750000000000000000e+01	1.116293238672801493e+02
6.000000000000000000e+01	1.118483149286751228e+02
6.250000000000000000e+01	1.120852122353406060e+02
6.500000000000000000e+01	1.123198766031403153e+02
6.750000000000000000e+01	1.125518669951840707e+02
7.000000000000000000e+01	1.127842679917554278e+02
7.250000000000000000e+01	1.130102564441707358e+02
7.500000000000000000e+01	1.132466375476940925e+02
7.750000000000000000e+01	1.134900871129199800e+02
8.000000000000000000e+01	1.137190444313617235e+02
8.250000000000000000e+01	1.139542868352209979e+02
8.500000000000000000e+01	1.142064217921238054e+02
8.750000000000000000e+01	1.144553552981699482e+02
9.000000000000000000e+01	1.146891966826167248e+02
9.250000000000000000e+01	1.149369335452024217e+02
9.500000000000000000e+01	1.151733001435838020e+02
9.750000000000000000e+01	1.154056533440005836e+02
1.000000000000000000e+02	1.156750327634466515e+02
1.025000000000000000e+02	1.159209012238366228e+02
1.050000000000000000e+02	1.161609333106447082e+02
1.075000000000000000e+02	1.164210767849425849e+02
1.100000000000000000e+02	1.166930574049084299e+02
1.125000000000000000e+02	1.169643531078968266e+02
1.150000000000000000e+02	1.172187717691718234e+02
1.175000000000000000e+02	1.174745764335437457e+02
1.200000000000000000e+02	1.177319225388309292e+02
1.225000000000000000e+02	1.179903773591026379e+02
1.250000000000000000e+02	1.182497738233283542e+02
1.275000000000000000e+02	1.185098370793236029e+02
1.300000000000000000e+02	1.187699342820553881e+02
1.325000000000000000e+02	1.190253214568383697e+02
1.350000000000000000e+02	1.192814060024610825e+02
1.375000000000000000e+02	1.195392940640337969e+02
1.400000000000000000e+02	1.197919263308289857e+02
1.425000000000000000e+02	1.200476392304058635e+02
1.450000000000000000e+02	1.203020526184786121e+02
1.475000000000000000e+02	1.205481969048696556e+02
1.500000000000000000e+02	1.207846841989869091e+02
1.525000000000000000e+02	1.210051383854143410e+02
1.550000000000000000e+02	1.211989562665659150e+02
1.575000000000000000e+02	1.212877305323363686e+02
1.600000000000000000e+02	1.212241254717391712e+02
1.625000000000000000e+02	1.212493565340217714e+02
1.650000000000000000e+02	1.214010783544505045e+02
1.675000000000000000e+02	1.214378048980999836e+02
1.700000000000000000e+02	1.214136168757802352e+02
