-1.500000000000000000e+02	8.214167667704730036e+01
-1.475000000000000000e+02	8.206606209081408565e+01
-1.450000000000000000e+02	8.197803251976863237e+01
-1.425000000000000000e+02	8.195537382124061310e+01
-1.400000000000000000e+02	8.208947861807499180e+01
-1.375000000000000000e+02	8.250438606780193140e+01
-1.350000000000000000e+02	8.376865931854879932e+01
-1.325000000000000000e+02	8.988877427048943503e+01
-1.300000000000000000e+02	8.302393122835421480e+01
-1.275000000000000000e+02	7.528018138530981673e+01
-1.250000000000000000e+02	6.724570445476105363e+01
-1.225000000000000000e+02	6.562104207008083279e+01
-1.200000000000000000e+02	6.470976596502835321e+01
-1.175000000000000000e+02	6.396136257301412087e+01
-1.150000000000000000e+02	6.326181344277772922e+01
-1.125000000000000000e+02	6.270262208828737016e+01
-1.100000000000000000e+02	6.212306195496721983e+01
-1.075000000000000000e+02	6.150578955313409324e+01
-1.050000000000000000e+02	6.089959193644017432e+01
-1.025000000000000000e+02	6.027954156797308372e+01
-1.000000000000000000e+02	5.963137899158834188e+01
-9.750000000000000000e+01	5.898062664995944004e+01
-9.500000000000000000e+01	5.831041259771117780e+01
-9.250000000000000000e+01	5.760928921298476979e+01
-9.000000000000000000e+01	5.691695848160860294e+01
-8.750000000000000000e+01	5.619351256390856264e+01
-8.500000000000000000e+01	5.549134422074556738e+01
-8.250000000000000000e+01	5.477007619267055816e+01
-8.000000000000000000e+01	5.408026566661914103e+01
-7.750000000000000000e+01	5.341044340515466615e+01
-7.500000000000000000e+01	5.275587534734176387e+01
-7.250000000000000000e+01	5.217425352185791354e+01
-7.000000000000000000e+01	5.166086241908914189e+01
-6.750000000000000000e+01	5.122166817612155398e+01
-6.500000000000000000e+01	5.088463906234353118e+01
-6.250000000000000000e+01	5.061950753228401112e+01
-6.000000000000000000e+01	5.042853259948483924e+01
-5.750000000000000000e+01	5.028963017725251916e+01
-5.500000000000000000e+01	5.020454790960022251e+01
-5.250000000000000000e+01	5.016466016005309569e+01
-5.000000000000000000e+01	5.017534947431882131e+01
-4.750000000000000000e+01	5.024163528349865260e+01
-4.500000000000000000e+01	5.036966659918937239e+01
-4.250000000000000000e+01	5.058317823501802479e+01
-4.000000000000000000e+01	5.088699224193472048e+01
-3.750000000000000000e+01	5.133012614339006774e+01
-3.500000000000000000e+01	5.193065716268440468e+01
-3.250000000000000000e+01	5.276083887489760826e+01
-3.000000000000000000e+01	5.386932367329318083e+01
-2.750000000000000000e+01	5.538361675487991675e+01
-2.500000000000000000e+01	5.737787629961790969e+01
-2.250000000000000000e+01	5.959904141955023249e+01
-2.000000000000000000e+01	6.169725457667452417e+01
-1.750000000000000000e+01	6.376454173656790658e+01
-1.500000000000000000e+01	6.536675063916294448e+01
-1.250000000000000000e+01	6.660805200111263957e+01
-1.000000000000000000e+01	6.800715631246124815e+01
-7.500000000000000000e+00	6.986159972647581640e+01
-5.000000000000000000e+00	7.275047286737792263e+01
-2.500000000000000000e+00	7.651410093930974199e+01
0.000000000000000000e+00	8.048572206729582490e+01
2.500000000000000000e+00	8.338687349151021522e+01
5.000000000000000000e+00	8.821037384773413237e+01
7.500000000000000000e+00	1.001204095016016566e+02
1.000000000000000000e+01	1.045412309922037650e+02
1.250000000000000000e+01	1.083493653081196726e+02
1.500000000000000000e+01	1.080005184908915510e+02
1.750000000000000000e+01	1.082100090329025477e+02
2.000000000000000000e+01	1.084107971187072650e+02
2.250000000000000000e+01	1.086156979897878045e+02
2.500000000000000000e+01	1.088101527491245122e+02
2.750000000000000000e+01	1.090169789519140835e+02
3.000000000000000000e+01	1.092332648262753025e+02
3.250000000000000000e+01	1.094636498341742623e+02
3.500000000000000000e+01	1.096898034737536420e+02
3.750000000000000000e+01	1.098870108451767322e+02
4.000000000000000000e+01	1.100872045685605798e+02
4.250000000000000000e+01	1.103048768462113856e+02
4.500000000000000000e+01	1.105322328442893252e+02
4.750000000000000000e+01	1.107452849196200475e+02
5.000000000000000000e+01	1.109472722324857443e+02
5.250000000000000000e+01	1.111861979641722655e+02
5.500000000000000000e+01	1.114170098206217148e+02
5.750000000000000000e+01	1.116245636533759296e+02
6.000000000000000000e+01	1.118435582837015119e+02
6.250000000000000000e+01	1.120804549742376253e+02
6.500000000000000000e+01	1.123151189001910097e+02
6.750000000000000000e+01	1.125471093820243311e+02
7.000000000000000000e+01	1.127795100990662291e+02
7.250000000000000000e+01	1.130054993285837668e+02
7.500000000000000000e+01	1.132418790193074898e+02
7.750000000000000000e+01	1.134853256674557400e+02
8.000000000000000000e+01	1.137142830493340568e+02
8.250000000000000000e+01	1.139495239880794202e+02
8.500000000000000000e+01	1.142016537830672860e+02
8.750000000000000000e+01	1.144505831206453905e+02
9.000000000000000000e+01	1.146844237294470048e+02
9.250000000000000000e+01	1.149321570754805322e+02
9.500000000000000000e+01	1.151685230694090762e+02
9.750000000000000000e+01	1.154008769718947889e+02
1.000000000000000000e+02	1.156702497011925885e+02
1.025000000000000000e+02	1.159161170219279455e+02
1.050000000000000000e+02	1.161561499083479561e+02
1.075000000000000000e+02	1.164162906732762934e+02
1.100000000000000000e+02	1.166882671195430277e+02
1.125000000000000000e+02	1.169595601294450233e+02
1.150000000000000000e+02	1.172139810100127733e+02
1.175000000000000000e+02	1.174697892443613654e+02
1.200000000000000000e+02	1.177271405402662339e+02
1.225000000000000000e+02	1.179856024883833783e+02
1.250000000000000000e+02	1.182450085902538177e+02
1.275000000000000000e+02	1.185050846469695358e+02
1.300000000000000000e+02	1.187651985261610008e+02
1.325000000000000000e+02	1.190206083117377176e+02
1.350000000000000000e+02	1.192767215062700217e+02
1.375000000000000000e+02	1.195346453589715168e+02
1.400000000000000000e+02	1.197873243112717745e+02
1.425000000000000000e+02	1.200430961784405781e+02
1.450000000000000000e+02	1.202975860192735524e+02
1.475000000000000000e+02	1.205438330273573797e+02
1.500000000000000000e+02	1.207804622074542777e+02
1.525000000000000000e+02	1.210011230648248102e+02
1.550000000000000000e+02	1.211952782051163808e+02
1.575000000000000000e+02	1.212848866507775512e+02
1.600000000000000000e+02	1.212229496964829565e+02
1.625000000000000000e+02	1.212492832183174301e+02
1.650000000000000000e+02	1.214010626688234282e+02
1.675000000000000000e+02	1.214377950836806548e+02
1.700000000000000000e+02	1.214136101218670234e+02
