-1.500000000000000000e+02	1.271664236927313425e+02
-1.475000000000000000e+02	1.268477442232911443e+02
-1.450000000000000000e+02	1.263838230322487561e+02
-1.425000000000000000e+02	1.260659125106966059e+02
-1.400000000000000000e+02	1.258181151623416554e+02
-1.375000000000000000e+02	1.259970087948330502e+02
-1.350000000000000000e+02	1.272674296787082540e+02
-1.325000000000000000e+02	1.356549190074820501e+02
-1.300000000000000000e+02	1.248763134082239219e+02
-1.275000000000000000e+02	1.129991205187174472e+02
-1.250000000000000000e+02	1.006037700559916175e+02
-1.225000000000000000e+02	9.788309370262015818e+01
-1.200000000000000000e+02	9.621527648534579669e+01
-1.175000000000000000e+02	9.477376550142349743e+01
-1.150000000000000000e+02	9.340798753123715414e+01
-1.125000000000000000e+02	9.223158845711672882e+01
-1.100000000000000000e+02	9.102989390467308795e+01
-1.075000000000000000e+02	8.975730970634009509e+01
-1.050000000000000000e+02	8.850702805734263734e+01
-1.025000000000000000e+02	8.723386650535867659e+01
-1.000000000000000000e+02	8.590441097530798231e+01
-9.750000000000000000e+01	8.457967197307091567e+01
-9.500000000000000000e+01	8.322413715395977363e+01
-9.250000000000000000e+01	8.180895731457027864e+01
-9.000000000000000000e+01	8.041515520300727360e+01
-8.750000000000000000e+01	7.895897416824151094e+01
-8.500000000000000000e+01	7.754107876787396947e+01
-8.250000000000000000e+01	7.607577122331737485e+01
-8.000000000000000000e+01	7.466008648814090520e+01
-7.750000000000000000e+01	7.326421356888590708e+01
-7.500000000000000000e+01	7.186696210596633705e+01
-7.250000000000000000e+01	7.057829391563249999e+01
-7.000000000000000000e+01	6.937733977469335400e+01
-6.750000000000000000e+01	6.825888491496630195e+01
-6.500000000000000000e+01	6.728969208435206895e+01
-6.250000000000000000e+01	6.639606415915866933e+01
-6.000000000000000000e+01	6.560718107005445177e+01
-5.750000000000000000e+01	6.485703372226218733e+01
-5.500000000000000000e+01	6.417783308197046210e+01
-5.250000000000000000e+01	6.353784105005046712e+01
-5.000000000000000000e+01	6.292326192675253793e+01
-4.750000000000000000e+01	6.237351425047307885e+01
-4.500000000000000000e+01	6.187796714230326245e+01
-4.250000000000000000e+01	6.143919600480825238e+01
-4.000000000000000000e+01	6.110157937107594961e+01
-3.750000000000000000e+01	6.087818423252809197e+01
-3.500000000000000000e+01	6.082796951288792542e+01
-3.250000000000000000e+01	6.098580724060656877e+01
-3.000000000000000000e+01	6.144646554151569973e+01
-2.750000000000000000e+01	6.233102664539376292e+01
-2.500000000000000000e+01	6.369901986197219657e+01
-2.250000000000000000e+01	6.534609385805731563e+01
-2.000000000000000000e+01	6.690211514006135474e+01
-1.750000000000000000e+01	6.846382692889397958e+01
-1.500000000000000000e+01	6.960134720773200456e+01
-1.250000000000000000e+01	7.035936753427591839e+01
-1.000000000000000000e+01	7.130165708226213894e+01
-7.500000000000000000e+00	7.268808331337424988e+01
-5.000000000000000000e+00	7.514115087727645914e+01
-2.500000000000000000e+00	7.849061883395526706e+01
0.000000000000000000e+00	8.206649132072536190e+01
2.500000000000000000e+00	8.460846968739436136e+01
5.000000000000000000e+00	8.900701664068466812e+01
7.500000000000000000e+00	1.004014078620033246e+02
1.000000000000000000e+01	1.046630906016855675e+02
1.250000000000000000e+01	1.083410057299180380e+02
1.500000000000000000e+01	1.079920077307630351e+02
1.750000000000000000e+01	1.082015258863848572e+02
2.000000000000000000e+01	1.084023432473733237e+02
2.250000000000000000e+01	1.086072701117342518e+02
2.500000000000000000e+01	1.088017533753624946e+02
2.750000000000000000e+01	1.090086013731376511e+02
3.000000000000000000e+01	1.092249035844224778e+02
3.250000000000000000e+01	1.094552981359045702e+02
3.500000000000000000e+01	1.096814621791707509e+02
3.750000000000000000e+01	1.098786904651816769e+02
4.000000000000000000e+01	1.100789027929991590e+02
4.250000000000000000e+01	1.102965852670431417e+02
4.500000000000000000e+01	1.105239467124808499e+02
4.750000000000000000e+01	1.107370092426542243e+02
5.000000000000000000e+01	1.109390099871216933e+02
5.250000000000000000e+01	1.111779363903951747e+02
5.500000000000000000e+01	1.114087498597847059e+02
5.750000000000000000e+01	1.116163148729912109e+02
6.000000000000000000e+01	1.118353142410829975e+02
6.250000000000000000e+01	1.120722085073520731e+02
6.500000000000000000e+01	1.123068704085218599e+02
6.750000000000000000e+01	1.125388598766458159e+02
7.000000000000000000e+01	1.127712590239420507e+02
7.250000000000000000e+01	1.129972485971898664e+02
7.500000000000000000e+01	1.132336248985198068e+02
7.750000000000000000e+01	1.134770656123356503e+02
8.000000000000000000e+01	1.137060222990342311e+02
8.250000000000000000e+01	1.139412599449878343e+02
8.500000000000000000e+01	1.141933800811405604e+02
8.750000000000000000e+01	1.144423015343483598e+02
9.000000000000000000e+01	1.146761401977936714e+02
9.250000000000000000e+01	1.149238668815091131e+02
9.500000000000000000e+01	1.151602313102035566e+02
9.750000000000000000e+01	1.153925859533483305e+02
1.000000000000000000e+02	1.156619466184394298e+02
1.025000000000000000e+02	1.159078115473396622e+02
1.050000000000000000e+02	1.161478454392134836e+02
1.075000000000000000e+02	1.164079811424146982e+02
1.100000000000000000e+02	1.166799500085431447e+02
1.125000000000000000e+02	1.169512380324503766e+02
1.150000000000000000e+02	1.172056624812494618e+02
1.175000000000000000e+02	1.174614766494389215e+02
1.200000000000000000e+02	1.177188367117904590e+02
1.225000000000000000e+02	1.179773108079154582e+02
1.250000000000000000e+02	1.182367334319964556e+02
1.275000000000000000e+02	1.184968315182496212e+02
1.300000000000000000e+02	1.187569741711878635e+02
1.325000000000000000e+02	1.190124230488368937e+02
1.350000000000000000e+02	1.192685858327099169e+02
1.375000000000000000e+02	1.195265716890915542e+02
1.400000000000000000e+02	1.197793315756296266e+02
1.425000000000000000e+02	1.200352057164806325e+02
1.450000000000000000e+02	1.202898282073616798e+02
1.475000000000000000e+02	1.205362534982716198e+02
1.500000000000000000e+02	1.207731289927629348e+02
1.525000000000000000e+02	1.209941487018915751e+02
1.550000000000000000e+02	1.211888895448603733e+02
1.575000000000000000e+02	1.212799469920057902e+02
1.600000000000000000e+02	1.212209079887967675e+02
1.625000000000000000e+02	1.212491568274944029e+02
1.650000000000000000e+02	1.214010362574748569e+02
1.675000000000000000e+02	1.214377785972678652e+02
1.700000000000000000e+02	1.214135987846992890e+02
